# Shape: 1 64 64
# comment: Скан кусочка карты. Шаг по Z 50 мкм
# metadata: {'created': '2026-08-07T11_12_39', 'description': '3D scan'}
# name: 10
# parameters: {'Np_slice': 4096, 'Np_total': 4096, 'Np_x': 64, 'Np_y': 64, 'Np_z': 1, 'accum_time': 10, 'step_x': 1024, 'step_y': 1024, 'step_z': 1024, 'x1': 0, 'x2': 65535, 'y1': 0, 'y2': 65535, 'z1': 0, 'z2': 0}
# units: {'accum_time_ms': 'ms', 'cord': 'LSB'}
# === DATA START ===
1.900000e+01	9.000000e+00	1.400000e+01	1.900000e+01	1.800000e+01	1.700000e+01	2.000000e+01	1.900000e+01	2.500000e+01	1.900000e+01	2.300000e+01	2.300000e+01	1.500000e+01	3.200000e+01	2.800000e+01	4.300000e+01	6.000000e+01	6.700000e+01	2.200000e+02	4.100000e+01	2.001000e+03	3.300000e+02	1.767000e+03	6.100000e+02	2.950000e+02	4.430000e+02	1.580000e+02	3.047000e+03	8.920000e+02	1.728000e+03	2.450000e+02	6.740000e+02	1.312000e+03	4.260000e+02	3.350000e+02	1.270000e+02	1.026000e+03	8.110000e+02	7.430000e+02	2.047000e+03	1.049000e+03	1.520000e+02	1.356000e+03	1.601000e+03	3.030000e+02	7.640000e+02	5.810000e+02	7.110000e+02	1.750000e+02	1.100000e+02	1.060000e+02	3.300000e+01	6.700000e+01	2.000000e+01	2.000000e+01	2.100000e+01	1.800000e+01	1.600000e+01	2.300000e+01	2.100000e+01	2.300000e+01	2.900000e+01	1.400000e+01	9.000000e+00
2.000000e+01	2.300000e+01	1.200000e+01	2.100000e+01	2.800000e+01	2.300000e+01	2.100000e+01	2.200000e+01	2.400000e+01	2.000000e+01	2.600000e+01	2.000000e+01	2.600000e+01	4.300000e+01	9.900000e+01	5.400000e+01	2.660000e+02	5.130000e+02	5.500000e+01	9.500000e+01	1.950000e+02	9.130000e+02	1.711000e+03	7.700000e+02	2.330000e+02	9.770000e+02	4.060000e+02	6.849000e+03	9.980000e+02	4.019000e+03	1.709000e+03	6.770000e+02	4.524000e+03	2.887000e+03	2.404000e+03	6.380000e+02	1.089000e+03	1.005000e+03	1.371000e+03	3.830000e+02	1.751000e+03	1.249000e+03	3.722000e+03	1.845000e+03	3.870000e+02	2.760000e+02	2.410000e+02	1.217000e+03	8.120000e+02	2.260000e+02	3.050000e+02	2.560000e+02	1.070000e+02	9.600000e+01	2.100000e+01	2.500000e+01	2.200000e+01	1.700000e+01	1.600000e+01	2.400000e+01	2.900000e+01	2.300000e+01	2.300000e+01	1.300000e+01
2.300000e+01	9.000000e+00	1.800000e+01	1.900000e+01	2.000000e+01	1.800000e+01	1.700000e+01	1.200000e+01	1.900000e+01	2.200000e+01	2.400000e+01	1.900000e+01	2.200000e+01	2.700000e+01	3.600000e+01	5.400000e+01	6.700000e+01	2.600000e+01	2.710000e+02	1.540000e+02	2.430000e+02	1.243000e+03	9.500000e+01	1.216000e+03	1.508000e+03	7.790000e+02	3.915000e+03	6.750000e+02	1.177000e+03	1.621000e+03	6.460000e+02	1.179000e+03	2.478000e+03	3.920000e+02	3.558000e+03	6.505000e+03	1.750000e+03	3.653000e+03	3.164000e+03	1.580000e+02	2.070000e+02	9.540000e+02	1.000000e+03	4.190000e+02	4.240000e+02	7.820000e+02	3.180000e+02	4.440000e+02	4.360000e+02	6.680000e+02	7.980000e+02	1.266000e+03	4.480000e+02	1.600000e+02	2.900000e+01	1.700000e+01	1.600000e+01	2.100000e+01	2.900000e+01	2.300000e+01	1.800000e+01	1.900000e+01	1.600000e+01	2.100000e+01
2.100000e+01	1.800000e+01	1.500000e+01	1.800000e+01	1.900000e+01	2.100000e+01	2.100000e+01	1.200000e+01	1.300000e+01	2.200000e+01	1.800000e+01	2.100000e+01	2.900000e+01	3.300000e+01	1.010000e+02	4.810000e+02	1.180000e+02	5.100000e+01	5.930000e+02	8.070000e+02	3.405000e+03	1.390000e+03	2.457000e+03	2.388000e+03	8.280000e+02	9.910000e+02	7.820000e+02	2.939000e+03	3.917000e+03	4.835000e+03	1.293000e+03	1.310000e+02	1.370000e+03	2.349000e+03	1.048000e+03	4.610000e+02	7.030000e+02	5.680000e+02	3.230000e+02	2.537000e+03	2.527000e+03	2.104000e+03	8.100000e+01	6.380000e+02	3.800000e+02	2.540000e+02	1.230000e+02	1.079000e+03	3.398000e+03	1.721000e+03	9.600000e+01	6.990000e+02	5.810000e+02	2.890000e+02	1.010000e+02	3.900000e+01	1.900000e+01	1.900000e+01	1.800000e+01	2.100000e+01	1.500000e+01	2.700000e+01	2.300000e+01	1.900000e+01
2.100000e+01	1.700000e+01	1.800000e+01	2.000000e+01	1.700000e+01	2.400000e+01	2.000000e+01	2.600000e+01	1.400000e+01	1.700000e+01	1.800000e+01	1.000000e+01	3.100000e+01	4.200000e+01	3.900000e+01	5.200000e+01	6.300000e+01	9.900000e+01	8.900000e+01	7.870000e+02	1.762000e+03	2.192000e+03	2.319000e+03	7.300000e+01	2.290000e+02	4.000000e+01	8.530000e+02	3.777000e+03	2.380000e+02	2.255000e+03	1.238000e+03	1.377000e+03	1.111000e+03	9.180000e+02	7.303000e+03	4.450000e+02	1.570000e+03	2.403000e+03	8.310000e+02	1.470000e+02	7.290000e+02	5.430000e+02	9.080000e+02	3.390000e+02	3.160000e+02	9.070000e+02	1.964000e+03	1.864000e+03	1.628000e+03	7.000000e+01	2.280000e+02	3.980000e+02	1.890000e+02	1.136000e+03	2.110000e+02	1.440000e+02	1.170000e+02	1.900000e+01	1.800000e+01	2.000000e+01	1.600000e+01	2.000000e+01	2.000000e+01	2.000000e+01
1.900000e+01	1.800000e+01	1.600000e+01	1.300000e+01	1.900000e+01	1.600000e+01	1.900000e+01	1.200000e+01	2.800000e+01	1.900000e+01	1.800000e+01	4.300000e+01	5.200000e+01	3.600000e+01	2.630000e+02	1.150000e+02	1.300000e+02	8.480000e+02	7.290000e+02	1.522000e+03	1.422100e+04	8.323000e+03	6.180000e+02	2.080000e+02	4.800000e+01	7.520000e+02	8.170000e+02	3.223000e+03	5.900000e+02	1.036000e+03	3.480000e+02	3.800000e+02	9.410000e+02	3.478000e+03	7.800000e+02	5.840000e+02	5.820000e+02	4.197000e+03	4.930000e+02	5.860000e+02	7.350000e+02	7.310000e+02	4.240000e+02	4.426000e+03	7.010000e+02	4.600000e+02	1.240000e+02	1.746000e+03	1.143000e+03	8.800000e+01	1.752000e+03	1.420000e+02	4.190000e+02	1.500000e+02	1.987000e+03	1.346000e+03	9.200000e+01	5.800000e+01	2.200000e+01	1.800000e+01	1.800000e+01	1.900000e+01	1.800000e+01	1.400000e+01
1.800000e+01	2.100000e+01	1.700000e+01	1.700000e+01	2.200000e+01	2.100000e+01	1.800000e+01	1.700000e+01	2.700000e+01	2.700000e+01	4.500000e+01	2.700000e+01	6.700000e+01	1.930000e+02	5.700000e+01	4.870000e+02	1.520000e+02	1.878000e+03	4.708000e+03	5.390000e+02	3.590000e+02	1.760000e+03	1.932000e+03	1.401000e+03	6.540000e+02	6.310000e+02	3.229000e+03	7.494000e+03	4.171000e+03	4.339000e+03	3.700000e+02	1.954000e+03	3.447000e+03	2.470000e+02	1.674000e+03	7.957000e+03	3.172000e+03	3.918000e+03	7.980000e+02	8.230000e+02	8.290000e+02	1.290000e+02	1.837000e+03	5.170000e+02	6.990000e+02	3.060000e+02	1.257000e+03	1.036000e+03	8.690000e+02	1.054000e+03	6.440000e+02	6.940000e+02	2.165000e+03	1.860000e+02	4.030000e+02	5.120000e+02	4.500000e+01	6.900000e+01	3.000000e+01	1.800000e+01	1.400000e+01	2.000000e+01	1.800000e+01	1.900000e+01
1.600000e+01	2.600000e+01	1.600000e+01	1.600000e+01	2.400000e+01	2.000000e+01	1.700000e+01	1.600000e+01	2.200000e+01	4.100000e+01	2.200000e+01	6.500000e+01	9.600000e+01	3.300000e+01	5.950000e+02	1.360000e+02	1.840000e+02	6.500000e+01	1.986000e+03	1.403000e+03	5.958000e+03	2.652000e+03	1.262000e+03	6.840000e+02	1.960000e+03	1.800000e+02	1.105000e+03	1.311000e+03	3.889000e+03	1.203000e+03	2.952000e+03	9.710000e+02	3.840000e+02	4.400000e+02	9.079000e+03	1.376000e+03	7.890000e+02	1.815000e+03	7.300000e+03	7.105000e+03	1.087000e+03	2.164000e+03	3.002000e+03	1.414000e+03	1.230000e+02	1.129000e+03	6.560000e+02	1.320000e+02	3.800000e+03	4.880000e+02	1.456000e+03	2.051000e+03	1.112000e+03	1.951000e+03	6.200000e+02	2.424000e+03	5.580000e+02	2.630000e+02	8.300000e+01	6.100000e+01	1.300000e+01	2.100000e+01	2.200000e+01	2.200000e+01
1.900000e+01	2.100000e+01	1.400000e+01	1.400000e+01	1.600000e+01	1.900000e+01	1.800000e+01	2.800000e+01	2.900000e+01	1.900000e+01	2.300000e+01	3.800000e+01	4.800000e+01	9.900000e+01	2.350000e+02	9.880000e+02	1.450000e+02	1.689000e+03	5.500000e+02	1.869000e+03	1.398000e+03	8.650000e+02	5.169000e+03	1.032000e+03	7.030000e+02	3.486000e+03	4.397000e+03	7.368000e+03	6.150000e+02	2.700000e+02	2.380000e+02	7.362000e+03	1.190000e+02	1.102000e+03	3.688000e+03	2.510000e+03	2.275000e+03	4.496000e+03	2.213000e+03	3.160000e+02	3.240000e+03	3.883000e+03	2.164000e+03	1.499000e+03	1.834000e+03	9.370000e+02	1.576000e+03	2.378000e+03	1.090000e+02	1.908000e+03	7.010000e+02	2.565000e+03	2.860000e+02	2.910000e+02	2.159000e+03	1.190000e+03	2.288000e+03	1.340000e+02	7.090000e+02	4.300000e+01	2.300000e+01	2.100000e+01	1.500000e+01	1.900000e+01
1.900000e+01	2.200000e+01	1.400000e+01	1.900000e+01	1.700000e+01	1.100000e+01	1.800000e+01	2.200000e+01	3.500000e+01	4.200000e+01	6.300000e+01	6.000000e+01	3.200000e+01	1.350000e+02	3.460000e+02	1.500000e+02	2.120000e+02	2.865000e+03	9.710000e+02	1.022000e+03	1.834000e+03	7.020000e+02	5.600000e+02	5.032000e+03	5.200000e+03	2.063000e+03	1.186000e+03	1.821000e+03	1.681000e+03	4.837000e+03	5.500000e+01	3.000000e+01	9.730000e+02	4.103000e+03	6.659000e+03	1.508000e+03	6.380000e+02	2.130000e+03	3.197000e+03	2.980000e+02	9.190000e+02	5.297000e+03	1.275000e+03	9.200000e+02	8.030000e+02	1.380000e+02	1.399000e+03	1.380000e+02	3.780000e+02	1.367000e+03	5.370000e+02	1.259000e+03	1.368000e+03	1.333000e+03	7.940000e+02	1.498000e+03	1.910000e+02	1.860000e+02	1.760000e+02	8.800000e+01	9.100000e+01	2.100000e+01	2.000000e+01	1.800000e+01
2.200000e+01	1.600000e+01	2.600000e+01	2.700000e+01	1.900000e+01	1.700000e+01	1.800000e+01	2.200000e+01	2.300000e+01	2.100000e+01	3.500000e+01	7.200000e+01	5.800000e+01	5.500000e+01	9.900000e+01	1.310000e+02	3.420000e+02	1.180000e+03	3.150000e+02	1.411000e+03	6.290000e+02	2.140000e+02	1.002600e+04	1.840000e+02	1.100000e+02	7.900000e+02	2.428000e+03	8.983000e+03	1.270000e+02	4.020000e+02	1.164600e+04	4.433000e+03	6.700000e+01	1.600000e+02	3.269000e+03	1.880000e+02	1.029000e+03	2.700000e+02	4.465000e+03	2.700000e+02	6.900000e+01	5.220000e+02	2.240000e+02	1.051000e+03	1.730000e+02	1.200000e+03	3.099000e+03	2.960000e+02	3.480000e+02	6.320000e+03	4.070000e+02	1.920000e+02	9.000000e+02	4.210000e+02	3.270000e+02	6.100000e+02	4.215000e+03	3.190000e+02	1.784000e+03	6.420000e+02	3.540000e+02	8.000000e+01	2.100000e+01	1.400000e+01
1.500000e+01	2.400000e+01	1.300000e+01	1.800000e+01	1.500000e+01	1.700000e+01	1.400000e+01	2.200000e+01	2.000000e+01	2.700000e+01	2.300000e+01	2.700000e+01	1.480000e+02	4.890000e+02	1.110000e+02	4.490000e+02	8.170000e+02	1.210000e+02	2.789000e+03	1.354000e+03	1.132400e+04	1.948000e+03	1.012000e+03	2.435000e+03	1.897000e+03	2.770000e+02	5.981000e+03	2.360000e+03	1.402000e+03	3.118000e+03	4.516000e+03	2.980000e+02	6.624000e+03	2.950000e+02	2.671000e+03	3.742000e+03	5.320000e+02	1.848000e+03	1.342000e+03	4.370000e+03	6.450000e+02	5.314000e+03	5.210000e+03	3.150000e+03	3.490000e+03	2.090000e+02	8.850000e+02	1.156000e+03	9.700000e+01	2.881000e+03	8.020000e+02	6.240000e+02	1.845000e+03	1.307000e+03	5.270000e+03	9.000000e+02	5.850000e+02	1.099000e+03	3.600000e+02	1.420000e+02	3.040000e+02	6.200000e+01	2.400000e+01	1.100000e+01
1.200000e+01	1.600000e+01	2.500000e+01	1.100000e+01	2.300000e+01	1.800000e+01	1.400000e+01	1.300000e+01	2.400000e+01	3.700000e+01	2.410000e+02	4.400000e+01	1.500000e+02	2.350000e+02	2.695000e+03	2.836000e+03	1.540000e+02	1.972000e+03	8.855000e+03	1.433500e+04	1.860000e+03	1.675000e+03	1.624000e+03	2.006000e+03	3.210000e+02	1.590000e+04	2.008000e+03	5.583000e+03	1.109400e+04	3.520000e+02	7.585000e+03	2.399000e+03	7.170000e+02	4.480000e+03	6.130000e+02	5.565000e+03	1.540000e+02	4.506000e+03	2.570000e+02	2.365000e+03	3.100000e+03	1.046000e+03	2.309000e+03	8.370000e+02	1.995000e+03	2.346000e+03	1.122000e+03	9.900000e+02	3.390000e+02	5.890000e+02	3.090000e+02	8.760000e+02	1.080000e+02	9.900000e+02	7.900000e+01	1.110000e+03	8.100000e+02	9.810000e+02	3.878000e+03	2.870000e+02	2.110000e+02	4.900000e+01	9.100000e+01	2.200000e+01
1.400000e+01	1.300000e+01	1.800000e+01	3.300000e+01	2.000000e+01	2.500000e+01	1.700000e+01	1.400000e+01	1.380000e+02	3.900000e+01	5.000000e+01	8.800000e+01	4.050000e+02	1.819000e+03	3.910000e+02	2.568000e+03	1.786000e+03	3.518000e+03	9.680000e+02	6.460000e+02	5.250000e+02	1.196000e+03	5.821000e+03	5.040000e+02	1.419000e+03	3.760000e+02	9.240000e+02	1.970000e+02	2.940000e+02	4.335000e+03	1.717000e+03	9.787000e+03	1.070000e+03	9.240000e+02	1.683000e+03	1.833000e+03	5.270000e+02	1.107000e+03	9.450000e+02	7.146000e+03	4.252000e+03	1.364000e+03	4.374000e+03	3.680000e+02	3.701000e+03	2.107000e+03	1.075000e+03	9.134000e+03	7.360000e+02	4.310000e+02	1.181000e+03	1.539000e+03	3.996000e+03	1.100000e+03	3.330000e+02	1.830000e+02	6.110000e+02	1.578000e+03	2.100000e+02	1.317000e+03	1.418000e+03	3.710000e+02	1.720000e+02	6.200000e+01
2.000000e+01	1.400000e+01	2.200000e+01	2.100000e+01	2.500000e+01	2.300000e+01	1.600000e+01	5.200000e+01	2.660000e+02	4.500000e+01	3.490000e+02	5.600000e+01	2.410000e+02	3.370000e+02	1.529000e+03	3.876000e+03	2.230000e+03	8.297000e+03	1.320300e+04	7.890000e+02	1.052700e+04	2.217000e+03	2.322000e+03	1.144000e+03	2.890000e+02	1.760000e+02	3.230000e+02	2.161000e+03	1.178000e+03	5.330000e+02	2.800000e+01	1.030000e+02	1.560000e+03	6.243000e+03	9.610000e+02	6.400000e+03	2.732000e+03	1.993000e+03	2.928000e+03	2.777000e+03	7.390000e+02	1.970000e+02	6.472000e+03	2.210000e+02	3.100000e+03	1.849000e+03	8.490000e+02	1.038000e+03	1.017000e+03	1.182000e+03	3.871000e+03	6.180000e+02	1.740000e+02	1.280000e+02	4.000000e+02	1.361000e+03	6.360000e+02	1.250000e+02	6.444000e+03	3.280000e+02	3.460000e+02	4.610000e+02	3.900000e+02	2.900000e+01
2.600000e+01	1.700000e+01	2.200000e+01	1.700000e+01	1.200000e+01	1.900000e+01	2.300000e+01	6.000000e+01	7.300000e+01	4.000000e+01	2.100000e+02	1.850000e+02	7.900000e+01	3.280000e+02	8.460000e+02	7.506000e+03	1.560000e+03	7.048000e+03	5.384000e+03	1.054000e+03	3.590000e+02	3.973000e+03	3.053000e+03	1.230000e+02	2.710000e+02	1.688000e+04	3.620000e+02	1.555700e+04	9.401000e+03	3.041000e+03	1.944000e+03	2.369000e+03	4.004000e+03	2.507900e+04	8.830000e+02	2.123000e+03	2.710000e+02	1.184000e+03	3.554000e+03	2.531000e+03	9.360000e+02	2.762000e+03	9.820000e+02	2.190000e+02	1.440000e+02	3.150000e+02	5.160000e+02	1.905000e+03	1.889000e+03	3.307000e+03	3.529000e+03	3.080000e+02	3.030000e+02	1.986000e+03	9.190000e+02	1.318000e+03	2.350000e+03	9.060000e+02	8.880000e+02	7.310000e+02	1.580000e+02	5.510000e+02	4.400000e+02	4.520000e+02
1.900000e+01	1.700000e+01	2.900000e+01	2.200000e+01	1.700000e+01	2.200000e+01	2.800000e+01	5.700000e+01	9.500000e+01	7.800000e+01	2.710000e+02	2.850000e+02	7.500000e+01	1.042000e+03	1.172000e+03	8.710000e+02	7.538000e+03	6.282000e+03	2.161000e+03	1.221700e+04	5.290000e+03	1.741600e+04	2.442000e+03	2.620000e+03	5.462000e+03	1.882000e+03	1.745000e+03	4.160000e+02	4.851000e+03	1.691000e+03	7.966000e+03	4.857000e+03	1.420000e+03	9.170000e+02	5.410000e+02	1.720000e+02	5.742000e+03	1.452700e+04	7.030000e+02	3.844000e+03	1.903000e+03	2.173000e+03	1.245000e+03	1.045000e+03	1.637000e+03	7.510000e+02	1.803000e+03	7.661000e+03	1.324000e+03	6.676000e+03	2.716000e+03	3.121000e+03	1.395000e+03	2.420000e+03	3.990000e+02	3.478000e+03	1.094000e+03	1.840000e+03	1.510000e+02	1.064000e+03	3.492000e+03	1.072000e+03	1.140000e+02	1.320000e+02
2.100000e+01	1.800000e+01	1.700000e+01	2.100000e+01	3.100000e+01	1.700000e+01	2.600000e+01	5.400000e+01	5.500000e+01	1.070000e+02	8.300000e+01	8.540000e+02	1.420000e+02	1.526000e+03	4.938000e+03	6.190000e+02	5.646000e+03	4.573000e+03	1.265100e+04	1.427000e+03	8.060000e+02	7.016000e+03	2.240000e+02	8.947000e+03	7.430000e+02	1.370200e+04	7.459000e+03	1.080000e+02	8.267000e+03	1.138000e+03	1.266900e+04	1.122600e+04	1.502800e+04	9.696000e+03	1.828600e+04	3.130000e+02	6.368000e+03	2.299000e+03	9.040000e+03	3.360000e+03	4.940000e+02	2.812000e+03	7.620000e+02	5.651000e+03	1.968000e+03	1.085900e+04	5.134000e+03	9.342000e+03	3.800000e+02	1.009000e+03	2.181000e+03	2.720000e+02	3.510000e+02	1.490000e+03	1.869000e+03	2.069000e+03	4.460000e+02	6.440000e+02	4.371000e+03	1.570000e+03	2.280000e+02	9.700000e+02	1.262000e+03	2.130000e+02
1.700000e+01	2.100000e+01	1.400000e+01	1.400000e+01	2.300000e+01	2.000000e+01	3.200000e+01	5.500000e+01	4.200000e+01	1.530000e+02	6.400000e+01	1.570000e+02	2.500000e+02	3.120000e+02	3.803000e+03	5.718000e+03	2.158000e+03	3.548000e+03	6.641000e+03	9.240000e+02	3.229000e+03	7.563000e+03	4.267000e+03	7.531000e+03	6.502000e+03	3.984000e+03	1.750000e+03	1.874400e+04	6.610000e+02	1.155000e+03	2.062000e+03	9.810000e+02	6.297000e+03	4.138000e+03	1.420000e+02	1.125000e+03	2.318000e+03	7.883000e+03	7.336000e+03	9.620000e+02	5.870000e+02	7.057000e+03	9.529000e+03	6.190000e+02	6.280000e+02	2.293000e+03	2.989000e+03	8.312000e+03	5.668000e+03	2.540000e+03	5.300000e+01	1.973000e+03	1.192000e+03	6.214000e+03	4.510000e+02	3.038000e+03	5.600000e+02	5.588000e+03	4.387000e+03	1.961000e+03	9.870000e+02	1.365000e+03	6.930000e+02	4.820000e+02
2.200000e+01	2.300000e+01	2.500000e+01	1.800000e+01	1.700000e+01	2.100000e+01	2.300000e+01	6.500000e+01	4.600000e+01	1.120000e+02	4.790000e+02	1.970000e+02	1.410000e+02	2.923000e+03	7.028000e+03	7.755000e+03	1.243000e+04	1.093900e+04	1.483800e+04	1.412200e+04	4.289000e+03	1.797000e+03	8.923000e+03	1.332800e+04	2.780000e+02	5.488000e+03	5.371000e+03	1.050000e+03	8.050000e+02	4.968000e+03	7.030000e+02	8.050000e+02	3.919000e+03	1.997000e+03	3.093000e+03	9.630000e+02	3.268000e+03	1.600000e+03	4.747000e+03	5.913000e+03	8.105000e+03	2.973000e+03	1.747000e+03	1.990000e+02	4.165000e+03	1.289000e+03	7.340000e+02	1.758000e+03	2.702000e+03	9.600000e+02	5.292000e+03	2.077000e+03	9.710000e+02	6.913000e+03	3.660000e+03	1.725000e+03	6.930000e+02	1.816000e+03	1.021000e+03	2.904000e+03	1.175000e+03	2.060000e+02	1.550000e+02	1.190000e+02
2.300000e+01	1.900000e+01	1.700000e+01	1.700000e+01	2.000000e+01	1.200000e+01	1.400000e+01	1.700000e+01	2.200000e+01	6.100000e+01	5.700000e+01	2.860000e+02	1.010000e+02	9.680000e+02	5.351000e+03	6.299000e+03	1.077700e+04	1.438000e+04	7.378000e+03	1.414600e+04	1.424100e+04	1.477300e+04	3.190000e+02	9.181000e+03	3.805000e+03	3.966000e+03	1.073900e+04	9.088000e+03	2.879000e+03	2.464000e+03	1.120600e+04	9.780000e+02	9.685000e+03	3.170000e+03	1.042000e+04	6.963000e+03	7.233000e+03	8.870000e+02	7.440000e+02	1.675000e+03	1.405000e+03	5.967000e+03	1.832000e+03	1.137500e+04	2.526000e+03	1.069000e+04	7.565000e+03	2.108000e+03	2.740000e+02	1.551000e+03	2.231000e+03	2.683000e+03	7.480000e+02	5.000000e+03	3.912000e+03	1.117000e+03	1.148000e+03	6.093000e+03	1.450000e+02	8.460000e+02	1.236000e+03	7.070000e+02	7.580000e+02	1.810000e+02
1.800000e+01	1.700000e+01	2.600000e+01	9.000000e+00	1.800000e+01	2.300000e+01	1.400000e+01	1.900000e+01	2.400000e+01	1.300000e+01	3.000000e+01	3.900000e+01	2.182000e+03	1.490000e+02	1.157700e+04	1.999600e+04	1.364800e+04	3.215000e+03	1.632500e+04	1.710000e+02	2.588000e+03	4.948000e+03	5.335000e+03	6.865000e+03	5.860000e+02	3.454000e+03	1.669600e+04	2.254000e+03	6.418000e+03	4.290000e+02	2.384000e+03	9.841000e+03	3.561000e+03	3.233000e+03	2.433000e+03	9.760000e+02	1.590000e+04	8.060000e+02	5.559000e+03	2.159000e+03	2.109000e+03	4.200000e+02	2.380000e+02	1.610000e+03	4.696000e+03	1.290000e+03	2.872000e+03	3.388000e+03	7.950000e+02	9.591000e+03	3.195000e+03	7.130000e+02	7.290000e+02	3.660000e+02	4.010000e+02	1.605000e+03	3.333000e+03	5.640000e+02	2.061000e+03	2.290000e+02	3.099000e+03	2.887000e+03	2.883000e+03	3.500000e+02
2.300000e+01	1.600000e+01	2.100000e+01	1.400000e+01	2.700000e+01	1.000000e+01	1.300000e+01	2.600000e+01	2.100000e+01	2.400000e+01	2.300000e+01	3.400000e+01	4.500000e+01	3.500000e+01	2.700000e+01	5.900000e+01	1.618000e+03	1.352000e+03	1.266900e+04	8.692000e+03	1.852000e+03	1.227100e+04	7.217000e+03	7.210000e+02	7.300000e+02	8.686000e+03	1.125000e+03	3.570000e+03	3.020000e+03	6.040000e+02	1.664700e+04	8.506000e+03	3.013000e+03	5.697000e+03	5.601000e+03	1.180000e+03	1.600000e+03	2.104000e+03	1.811000e+03	2.710000e+02	5.252000e+03	4.808000e+03	3.202000e+03	1.237000e+03	8.800000e+01	4.353000e+03	5.350000e+02	4.769000e+03	7.070000e+02	7.970000e+02	2.661000e+03	1.395000e+03	2.639000e+03	7.580000e+02	6.730000e+02	3.210000e+02	2.615000e+03	1.021000e+03	6.140000e+02	7.350000e+02	2.316000e+03	4.410000e+02	1.386000e+03	8.400000e+01
2.500000e+01	2.500000e+01	1.500000e+01	2.000000e+01	2.200000e+01	1.500000e+01	2.400000e+01	2.200000e+01	3.400000e+01	2.800000e+01	2.600000e+01	2.400000e+01	2.300000e+01	4.400000e+01	3.300000e+01	3.400000e+01	2.000000e+01	7.200000e+01	4.600000e+01	4.900000e+01	4.540000e+02	8.900000e+01	6.500000e+01	1.850000e+02	1.265200e+04	1.829900e+04	8.500000e+01	8.090000e+02	2.480000e+02	4.777000e+03	4.020000e+02	1.454300e+04	1.731000e+03	1.376000e+03	2.400000e+03	1.741000e+03	2.622000e+03	7.102000e+03	5.523000e+03	8.978000e+03	1.060500e+04	1.443000e+03	2.760000e+03	1.520000e+02	2.813000e+03	1.056000e+03	2.916000e+03	1.913000e+03	1.761000e+03	1.434000e+03	4.820000e+02	1.414000e+03	4.309000e+03	2.835000e+03	2.576000e+03	4.620000e+03	5.894000e+03	3.360000e+03	1.272000e+03	4.430000e+02	2.410000e+02	1.655000e+03	6.980000e+02	1.530000e+03
2.000000e+01	1.500000e+01	1.600000e+01	1.800000e+01	2.000000e+01	2.400000e+01	2.300000e+01	2.600000e+01	2.600000e+01	2.900000e+01	2.300000e+01	2.600000e+01	1.600000e+01	3.400000e+01	2.200000e+01	4.100000e+01	1.800000e+01	7.900000e+01	3.800000e+01	5.200000e+01	3.200000e+01	4.400000e+01	4.500000e+01	5.300000e+01	6.200000e+01	7.800000e+01	7.300000e+01	4.100000e+01	8.600000e+01	7.600000e+01	1.310000e+02	1.490000e+02	1.164500e+04	6.866000e+03	5.968000e+03	4.737000e+03	6.932000e+03	3.990000e+03	1.445000e+03	1.680000e+03	7.000000e+03	5.510000e+02	4.274000e+03	3.212000e+03	2.870000e+02	2.426000e+03	7.310000e+02	2.136000e+03	4.400000e+01	4.506000e+03	9.970000e+02	3.750000e+02	1.062000e+03	7.120000e+02	2.629000e+03	5.440000e+02	2.360000e+02	1.830000e+02	2.270000e+02	9.370000e+02	7.550000e+02	6.040000e+02	1.061000e+03	5.830000e+02
1.200000e+01	2.100000e+01	2.500000e+01	1.800000e+01	2.300000e+01	1.400000e+01	2.400000e+01	2.000000e+01	3.900000e+01	2.300000e+01	3.400000e+01	5.200000e+01	4.700000e+01	3.000000e+01	4.700000e+01	3.600000e+01	9.800000e+01	5.500000e+01	5.700000e+01	2.600000e+01	5.200000e+01	2.600000e+01	1.180000e+02	3.500000e+01	3.500000e+01	6.900000e+01	5.000000e+01	2.900000e+01	4.400000e+01	6.800000e+01	4.600000e+01	1.390000e+02	3.500000e+01	7.800000e+01	5.184000e+03	4.500000e+02	1.017000e+03	1.751000e+03	1.648000e+03	1.999000e+03	2.043000e+03	7.900000e+02	5.044000e+03	1.119000e+03	1.506000e+03	4.259000e+03	6.630000e+02	2.640000e+02	7.160000e+02	3.534000e+03	2.736000e+03	7.080000e+02	2.940000e+02	2.330000e+03	3.928000e+03	1.238000e+03	2.811000e+03	9.620000e+02	1.563000e+03	1.840000e+02	2.770000e+02	4.140000e+02	3.110000e+02	1.123000e+03
1.700000e+01	1.400000e+01	2.100000e+01	1.800000e+01	2.500000e+01	1.200000e+01	1.700000e+01	1.800000e+01	2.100000e+01	1.900000e+01	2.400000e+01	3.000000e+01	2.700000e+01	1.670000e+02	6.300000e+01	3.100000e+01	5.800000e+01	3.300000e+01	4.200000e+01	3.100000e+01	9.600000e+01	2.800000e+01	6.800000e+01	3.000000e+01	3.200000e+01	2.700000e+01	5.900000e+01	4.900000e+01	7.100000e+01	5.500000e+01	2.300000e+01	3.700000e+01	1.060000e+02	2.500000e+02	1.068000e+03	4.075000e+03	3.090000e+03	1.000000e+02	8.580000e+02	4.586000e+03	2.660000e+03	1.209000e+04	2.880000e+02	1.322500e+04	1.054000e+03	2.351000e+03	1.091000e+03	3.631000e+03	2.439000e+03	1.070000e+02	1.528000e+03	3.380000e+02	2.951000e+03	3.890000e+02	3.540000e+02	9.590000e+02	1.768000e+03	2.052000e+03	2.480000e+02	1.115000e+03	2.050000e+02	1.287000e+03	8.430000e+02	3.210000e+02
2.000000e+01	1.700000e+01	1.700000e+01	1.000000e+01	3.400000e+01	3.700000e+01	7.200000e+01	4.900000e+01	4.100000e+01	4.200000e+01	2.700000e+01	2.200000e+01	1.400000e+01	3.900000e+01	1.500000e+01	4.300000e+01	3.500000e+01	7.400000e+01	1.080000e+02	6.200000e+01	4.400000e+01	8.200000e+01	4.100000e+01	4.600000e+01	1.120000e+02	1.370000e+02	3.800000e+01	3.800000e+01	7.600000e+01	2.500000e+01	2.500000e+01	1.800000e+01	1.290000e+02	3.000000e+01	8.630000e+02	1.470400e+04	5.525000e+03	7.655000e+03	1.765000e+03	1.947000e+03	5.759000e+03	2.278000e+03	2.636000e+03	4.371000e+03	6.140000e+03	1.295000e+03	2.610000e+02	3.350000e+02	1.319000e+03	8.200000e+02	5.500000e+01	1.057000e+03	9.020000e+02	3.150000e+02	1.298000e+03	5.820000e+02	2.810000e+02	2.468000e+03	7.720000e+02	2.075000e+03	3.992000e+03	7.370000e+02	2.700000e+02	1.341000e+03
2.000000e+01	1.900000e+01	1.700000e+01	1.100000e+01	1.900000e+01	3.400000e+01	5.700000e+01	1.510000e+02	6.700000e+01	3.500000e+01	3.310000e+02	5.920000e+02	6.800000e+01	5.900000e+01	4.700000e+01	5.900000e+01	4.900000e+01	5.900000e+01	5.600000e+01	2.300000e+01	4.000000e+01	2.800000e+01	1.510000e+02	1.980000e+02	5.600000e+01	3.700000e+01	1.220000e+02	4.000000e+01	4.000000e+01	3.600000e+01	1.720000e+02	3.700000e+01	7.300000e+01	9.700000e+01	1.600000e+02	6.639000e+03	2.966000e+03	6.355000e+03	1.159300e+04	1.626000e+03	1.620000e+02	5.345000e+03	9.870000e+03	1.512000e+03	2.219000e+03	6.802000e+03	5.594000e+03	1.171000e+03	5.450000e+02	2.871000e+03	1.067000e+03	1.390000e+03	1.256000e+03	4.299000e+03	4.150000e+02	2.280000e+02	1.671000e+03	1.875000e+03	1.270000e+02	1.670000e+02	2.700000e+03	3.560000e+02	6.090000e+02	3.340000e+02
1.500000e+01	1.900000e+01	2.200000e+01	2.100000e+01	1.500000e+01	6.400000e+01	2.200000e+01	3.900000e+01	2.150000e+02	1.340000e+02	1.384000e+03	5.290000e+02	4.280000e+03	2.030000e+02	1.480000e+02	9.880000e+02	1.000000e+02	3.400000e+01	3.900000e+01	5.700000e+01	7.700000e+01	1.540000e+02	6.000000e+01	5.090000e+02	8.500000e+01	1.800000e+01	1.380000e+02	7.500000e+01	6.600000e+01	6.500000e+01	1.160000e+02	5.700000e+01	2.500000e+01	2.700000e+01	1.090000e+02	4.300000e+01	1.707000e+03	2.180000e+02	1.001900e+04	7.123000e+03	1.543400e+04	1.731000e+03	7.101000e+03	2.000000e+03	7.240000e+02	4.089000e+03	2.355000e+03	4.606000e+03	2.080000e+02	2.710000e+02	3.388000e+03	5.499000e+03	1.404000e+03	3.010000e+03	3.863000e+03	1.477000e+03	1.135000e+03	1.140000e+02	7.420000e+02	3.460000e+02	8.600000e+01	2.237000e+03	2.550000e+02	1.321000e+03
2.500000e+01	2.000000e+01	1.800000e+01	1.400000e+01	9.000000e+01	1.500000e+01	1.250000e+02	1.450000e+02	2.150000e+02	5.050000e+02	6.000000e+01	8.930000e+02	1.518000e+03	1.770000e+02	3.753000e+03	8.144000e+03	5.773000e+03	6.100000e+01	2.200000e+01	3.700000e+01	3.400000e+01	5.000000e+01	3.100000e+01	9.600000e+01	5.100000e+01	6.600000e+01	2.500000e+01	6.400000e+01	8.000000e+01	7.500000e+01	5.700000e+01	8.800000e+01	4.600000e+01	1.120000e+02	8.000000e+01	3.600000e+01	4.154000e+03	3.714000e+03	2.680000e+02	2.416000e+03	5.400000e+02	2.761000e+03	5.780000e+02	6.740000e+02	1.989000e+03	1.192000e+03	3.098000e+03	6.520000e+02	2.571000e+03	8.140000e+02	1.419000e+03	4.680000e+02	3.060000e+02	7.990000e+02	3.610000e+02	3.500000e+02	2.516000e+03	9.960000e+02	4.765000e+03	2.900000e+02	6.130000e+02	8.070000e+02	5.060000e+02	9.550000e+02
2.300000e+01	2.100000e+01	1.500000e+01	2.900000e+01	3.400000e+01	2.700000e+01	4.300000e+01	1.260000e+02	2.960000e+02	1.600000e+02	1.940000e+02	1.700000e+02	2.200000e+03	9.380000e+02	1.226900e+04	2.124000e+03	8.735000e+03	4.352000e+03	2.230000e+03	1.790000e+02	4.200000e+01	8.600000e+01	8.000000e+01	3.400000e+01	5.700000e+01	4.200000e+01	5.600000e+01	3.100000e+01	6.000000e+01	2.900000e+01	1.020000e+02	5.400000e+01	6.200000e+01	3.600000e+01	1.780000e+02	1.150000e+02	7.209000e+03	1.704000e+03	3.165000e+03	3.368000e+03	5.020000e+02	2.616000e+03	5.439000e+03	6.460000e+02	1.962000e+03	2.995000e+03	1.422000e+03	1.127000e+03	2.020000e+02	4.550000e+02	3.263000e+03	1.645000e+03	3.990000e+02	3.430000e+03	6.130000e+02	4.430000e+03	2.070000e+02	2.240000e+02	1.620000e+03	1.723000e+03	8.410000e+02	5.120000e+02	2.750000e+02	1.517000e+03
2.100000e+01	1.700000e+01	3.000000e+01	3.000000e+01	4.600000e+01	2.900000e+01	1.600000e+01	5.000000e+01	1.050000e+02	9.300000e+01	1.110000e+02	4.950000e+02	4.508000e+03	6.609000e+03	4.349000e+03	1.637000e+03	9.824000e+03	6.225000e+03	3.558000e+03	4.820000e+03	1.198000e+03	3.300000e+01	4.400000e+01	3.000000e+01	2.600000e+01	7.000000e+01	2.100000e+01	5.200000e+01	7.400000e+01	3.500000e+01	9.300000e+01	5.000000e+01	1.000000e+02	3.000000e+01	1.090000e+02	1.360000e+02	4.180000e+02	8.176000e+03	5.600000e+02	1.662000e+03	3.250000e+02	1.339000e+04	1.798000e+03	1.766000e+03	3.090000e+02	4.121000e+03	4.865000e+03	6.530000e+02	8.230000e+02	5.742000e+03	1.803000e+03	1.760000e+02	8.211000e+03	8.540000e+02	1.331000e+03	1.241000e+03	3.910000e+02	1.170000e+03	1.724000e+03	3.580000e+02	3.190000e+02	1.420000e+03	1.790000e+02	1.801000e+03
2.600000e+01	1.800000e+01	2.300000e+01	2.000000e+01	5.100000e+01	6.100000e+01	8.700000e+01	7.100000e+01	2.090000e+02	3.120000e+02	4.700000e+01	5.850000e+02	4.576000e+03	1.400000e+02	1.730000e+02	1.198700e+04	4.539000e+03	1.428000e+04	5.379000e+03	5.604000e+03	4.182000e+03	3.369000e+03	1.628000e+03	4.300000e+01	4.900000e+01	5.000000e+01	5.900000e+01	6.400000e+01	3.200000e+01	1.060000e+02	4.600000e+01	1.370000e+02	4.300000e+01	4.900000e+01	6.500000e+01	3.000000e+01	1.268000e+04	1.530100e+04	1.976000e+03	1.603000e+03	4.609000e+03	2.236000e+03	1.177100e+04	1.713000e+03	2.366000e+03	6.602000e+03	3.209000e+03	2.629000e+03	2.790000e+03	6.714000e+03	5.270000e+02	1.046000e+03	3.530000e+02	8.376000e+03	5.614000e+03	1.979000e+03	1.245000e+03	1.226000e+03	5.942000e+03	6.900000e+01	4.580000e+02	3.640000e+02	1.733000e+03	1.190000e+02
2.100000e+01	1.400000e+01	1.700000e+01	2.900000e+01	2.500000e+01	3.500000e+01	4.300000e+01	5.800000e+01	1.840000e+02	1.130000e+02	7.400000e+01	9.960000e+02	9.800000e+02	2.370000e+03	2.520000e+03	2.297000e+03	8.830000e+02	2.280000e+02	9.470000e+02	8.720000e+02	3.764000e+03	6.590000e+02	1.417000e+04	1.889000e+03	4.640000e+03	1.050000e+02	5.300000e+01	1.210000e+02	4.600000e+01	6.700000e+01	1.400000e+02	2.660000e+02	5.600000e+01	3.400000e+01	2.200000e+01	6.400000e+01	3.060000e+02	6.990000e+02	3.160000e+03	5.431000e+03	3.177000e+03	6.608000e+03	1.380000e+02	4.623000e+03	6.600000e+02	5.720000e+02	6.672000e+03	1.328000e+03	5.020000e+02	1.033000e+03	1.700000e+02	2.637000e+03	7.620000e+02	5.042000e+03	2.661000e+03	7.010000e+02	6.440000e+02	1.493000e+03	1.392000e+03	1.615000e+03	1.410000e+02	2.840000e+02	1.367000e+03	1.150000e+02
1.100000e+01	1.300000e+01	2.200000e+01	2.300000e+01	2.700000e+01	6.900000e+01	2.000000e+01	9.600000e+01	2.290000e+02	2.170000e+02	4.480000e+02	8.480000e+02	1.217000e+03	3.508000e+03	5.227000e+03	1.791000e+03	9.118000e+03	8.060000e+02	5.300000e+02	1.241000e+03	2.420000e+02	3.159000e+03	7.775000e+03	6.419000e+03	1.121000e+03	3.588000e+03	1.540000e+02	1.940000e+02	2.100000e+01	7.100000e+01	1.190000e+02	7.700000e+01	9.900000e+01	4.000000e+01	2.420000e+02	5.000000e+01	6.800000e+01	6.720000e+02	7.210000e+02	3.935000e+03	3.324000e+03	8.200000e+02	1.184000e+03	1.040000e+03	2.083000e+03	2.598000e+03	4.611000e+03	2.683000e+03	8.021000e+03	1.777000e+03	3.890000e+03	4.430000e+02	6.250000e+02	4.660000e+03	3.463000e+03	2.105000e+03	1.178000e+03	1.180000e+02	2.588000e+03	8.405000e+03	1.922000e+03	1.650000e+02	1.226000e+03	3.470000e+02
1.600000e+01	1.600000e+01	1.000000e+01	1.600000e+01	2.500000e+01	4.500000e+01	3.800000e+01	1.850000e+02	1.740000e+02	5.140000e+02	9.990000e+02	3.200000e+02	1.329000e+03	3.440000e+02	3.234000e+03	1.571000e+03	3.623000e+03	1.283000e+03	5.540000e+02	7.210000e+02	1.287000e+03	6.246000e+03	3.990000e+02	4.088000e+03	5.110000e+02	1.585000e+04	1.016300e+04	3.826000e+03	4.400000e+01	2.600000e+01	1.520000e+02	3.500000e+01	2.910000e+02	1.070000e+02	1.050000e+02	3.300000e+01	9.307000e+03	1.305000e+03	1.228000e+03	1.408000e+03	1.012000e+03	7.950000e+02	2.740000e+03	1.206000e+03	3.836000e+03	2.128000e+03	6.616000e+03	7.230000e+02	2.239000e+03	9.200000e+02	2.288000e+03	6.700000e+02	1.896000e+03	4.237000e+03	5.564000e+03	8.190000e+02	7.156000e+03	1.660000e+02	1.220000e+02	2.390000e+02	7.400000e+02	5.140000e+02	6.370000e+02	6.980000e+02
2.100000e+01	1.600000e+01	1.800000e+01	2.800000e+01	1.200000e+01	3.900000e+01	4.800000e+01	1.750000e+02	3.900000e+01	1.750000e+02	1.106000e+03	8.480000e+02	5.680000e+03	3.388000e+03	2.400000e+03	4.420000e+02	3.570000e+02	5.780000e+02	2.420000e+03	1.486000e+03	1.937000e+03	4.927000e+03	3.700000e+02	1.269000e+03	1.335700e+04	6.492000e+03	1.367600e+04	1.683800e+04	8.130000e+02	2.400000e+01	4.800000e+01	4.400000e+01	1.260000e+02	5.500000e+01	3.200000e+01	2.900000e+01	2.660000e+02	2.184000e+03	6.730000e+02	2.840000e+02	9.005000e+03	4.527000e+03	1.789000e+03	1.419000e+03	4.349000e+03	3.210000e+02	9.100000e+01	5.950000e+02	7.440000e+02	2.410000e+03	3.284000e+03	2.110000e+02	4.760000e+02	3.202000e+03	6.643000e+03	1.287000e+03	2.480000e+03	3.763000e+03	7.650000e+02	1.071000e+03	5.630000e+02	3.026000e+03	4.630000e+02	2.430000e+02
8.000000e+00	1.800000e+01	2.200000e+01	2.100000e+01	1.700000e+01	1.800000e+01	1.890000e+02	7.000000e+01	2.330000e+02	5.900000e+01	1.660000e+02	8.500000e+01	1.480000e+02	3.279000e+03	1.208000e+03	2.600000e+02	3.140000e+02	2.590000e+02	8.940000e+02	6.818000e+03	1.800000e+03	3.330000e+02	4.576000e+03	3.252000e+03	4.900000e+02	1.319400e+04	5.423000e+03	5.009000e+03	7.700000e+02	3.000000e+01	5.700000e+01	5.700000e+01	9.800000e+01	3.800000e+01	2.300000e+01	5.500000e+01	6.550000e+02	1.422300e+04	4.518000e+03	1.180000e+03	1.454000e+03	1.720200e+04	9.300000e+01	2.294000e+03	5.097000e+03	2.710000e+03	2.768000e+03	5.150000e+02	4.850000e+02	1.446000e+03	2.524000e+03	2.305000e+03	5.081000e+03	2.599000e+03	2.210000e+02	3.570000e+02	4.942000e+03	5.730000e+02	4.200000e+02	1.969000e+03	4.320000e+02	3.297000e+03	8.500000e+01	9.210000e+02
3.100000e+01	2.400000e+01	1.900000e+01	1.900000e+01	2.100000e+01	2.800000e+01	5.800000e+01	7.300000e+01	2.550000e+02	3.600000e+01	1.250000e+02	3.072000e+03	6.250000e+02	2.257000e+03	2.740000e+03	5.207000e+03	8.980000e+02	2.556000e+03	3.990000e+02	7.460000e+02	5.061000e+03	2.485000e+03	2.765000e+03	2.858000e+03	2.612000e+03	1.519000e+03	2.310000e+02	1.329000e+03	1.436000e+03	1.900000e+01	2.100000e+01	2.800000e+01	5.500000e+01	3.100000e+01	3.400000e+01	7.100000e+01	3.456000e+03	8.616000e+03	4.801000e+03	1.824000e+03	7.484000e+03	3.213000e+03	6.635000e+03	2.544000e+03	3.595000e+03	1.591000e+03	8.630000e+03	4.040000e+02	2.158000e+03	3.974000e+03	1.100000e+02	1.665000e+03	1.763000e+03	2.910000e+02	2.810000e+02	1.976000e+03	4.870000e+02	1.990000e+02	2.850000e+02	4.830000e+02	4.970000e+02	3.440000e+02	1.604000e+03	1.210000e+02
2.100000e+01	2.500000e+01	1.700000e+01	1.700000e+01	2.500000e+01	1.290000e+02	3.100000e+01	6.500000e+01	1.380000e+02	1.510000e+02	4.890000e+02	1.680000e+02	1.110000e+02	8.420000e+02	4.092000e+03	2.970000e+02	5.790000e+02	1.590000e+03	3.721000e+03	9.869000e+03	1.747400e+04	3.216000e+03	9.110000e+02	4.800000e+02	3.750000e+02	7.670000e+02	4.218000e+03	8.055000e+03	1.158800e+04	3.900000e+01	4.000000e+01	4.700000e+01	8.400000e+01	3.100000e+01	7.900000e+01	4.900000e+01	5.550000e+03	1.190000e+02	2.405000e+03	4.021000e+03	9.420000e+02	2.803000e+03	1.683000e+03	1.193000e+03	5.577000e+03	8.806000e+03	4.266000e+03	6.290000e+02	4.390000e+02	7.550000e+02	7.790000e+02	9.620000e+02	2.040000e+03	8.487000e+03	4.341000e+03	2.501000e+03	1.556000e+03	2.324000e+03	4.174000e+03	4.122000e+03	1.758000e+03	1.706000e+03	1.072000e+03	1.279000e+03
3.000000e+01	2.600000e+01	2.000000e+01	1.400000e+01	5.700000e+01	3.900000e+01	4.000000e+01	4.200000e+01	6.800000e+01	1.090000e+02	1.085000e+03	3.380000e+02	7.260000e+02	1.496000e+03	7.800000e+02	6.240000e+02	1.429000e+03	2.162000e+03	9.311000e+03	1.777000e+03	7.280000e+02	7.500000e+01	3.050000e+02	1.030000e+03	1.609900e+04	1.746100e+04	4.463000e+03	9.000000e+03	3.170000e+03	5.600000e+01	7.400000e+01	2.740000e+02	8.100000e+01	1.520000e+02	8.200000e+01	8.200000e+01	3.980000e+02	5.523000e+03	5.430000e+02	2.653000e+03	1.580000e+03	5.743000e+03	1.737000e+03	1.560000e+03	1.854000e+03	5.734000e+03	9.930000e+02	1.643000e+03	1.719000e+03	3.970000e+03	2.280000e+02	7.370000e+02	1.713000e+03	1.822000e+03	6.970000e+02	7.790000e+02	4.920000e+02	2.022000e+03	1.050000e+02	2.620000e+02	8.620000e+02	1.193000e+03	2.492000e+03	8.420000e+02
1.700000e+01	1.900000e+01	2.900000e+01	3.000000e+01	3.100000e+01	1.640000e+02	4.100000e+01	1.270000e+02	3.630000e+02	1.020000e+02	9.960000e+02	1.264000e+03	1.318000e+03	1.490000e+02	2.260000e+02	7.520000e+02	3.265000e+03	1.673000e+03	5.040000e+02	4.031000e+03	4.580000e+02	1.630000e+02	2.328000e+03	3.768000e+03	5.970000e+03	3.790000e+02	5.165000e+03	9.890000e+02	4.505000e+03	8.100000e+01	4.700000e+01	4.000000e+01	4.200000e+01	8.600000e+01	7.200000e+01	1.350000e+02	1.862000e+03	6.258000e+03	4.616000e+03	4.153000e+03	6.051000e+03	2.235000e+03	3.807000e+03	6.227000e+03	1.644000e+03	3.221000e+03	1.326000e+03	4.050000e+02	5.168000e+03	3.390000e+02	7.160000e+02	1.079000e+03	6.650000e+02	1.521000e+03	1.029000e+03	1.120000e+02	1.336000e+03	6.020000e+02	7.360000e+02	3.270000e+02	6.200000e+01	3.700000e+01	3.562000e+03	2.820000e+02
2.400000e+01	2.700000e+01	9.000000e+00	2.300000e+01	2.600000e+01	2.100000e+01	3.600000e+01	7.500000e+01	2.100000e+01	8.100000e+01	2.570000e+02	2.880000e+02	1.347000e+03	1.266000e+03	4.320000e+02	5.750000e+02	3.528000e+03	8.330000e+02	1.018000e+03	1.270000e+03	4.730000e+02	1.346000e+03	2.104000e+03	2.091000e+03	1.126700e+04	1.152000e+03	1.006200e+04	1.921000e+03	4.910000e+03	4.800000e+01	3.200000e+01	4.000000e+01	5.800000e+01	5.100000e+01	4.500000e+01	1.710000e+03	7.094000e+03	1.856000e+03	2.177000e+03	1.807000e+03	4.351000e+03	1.288000e+03	3.864000e+03	2.817000e+03	2.893000e+03	5.269000e+03	5.620000e+02	2.215000e+03	2.090000e+03	1.165000e+03	3.660000e+02	1.805000e+03	5.990000e+02	1.789000e+03	1.926000e+03	1.260000e+02	4.311000e+03	9.410000e+02	5.880000e+02	2.750000e+02	6.840000e+02	1.134000e+03	1.690000e+02	2.150000e+02
1.900000e+01	1.200000e+01	2.500000e+01	2.200000e+01	2.300000e+01	1.700000e+01	7.700000e+01	3.800000e+01	5.000000e+01	1.320000e+02	6.200000e+02	2.020000e+02	9.110000e+02	1.412000e+03	2.173000e+03	1.056000e+03	4.166000e+03	1.257000e+03	1.940000e+02	6.294000e+03	1.281000e+03	3.740000e+02	1.541900e+04	1.379500e+04	2.690000e+02	5.174000e+03	9.274000e+03	5.771000e+03	3.020000e+02	4.600000e+01	7.400000e+01	5.700000e+01	5.000000e+01	1.140000e+02	3.500000e+01	8.300000e+01	3.751000e+03	5.716000e+03	2.262000e+03	4.600000e+03	6.370000e+03	1.426000e+03	5.300000e+02	3.621000e+03	2.217000e+03	1.497000e+03	1.370000e+02	4.360000e+02	2.170000e+02	1.243000e+03	7.920000e+02	3.100000e+02	5.500000e+03	6.240000e+02	3.080000e+02	1.804000e+03	3.250000e+02	3.812000e+03	3.422000e+03	8.300000e+02	1.808000e+03	1.920000e+02	5.250000e+02	7.960000e+02
1.600000e+01	1.600000e+01	2.000000e+01	2.200000e+01	2.100000e+01	5.000000e+01	2.200000e+01	1.860000e+02	7.000000e+01	1.010000e+02	3.700000e+01	5.800000e+02	1.480000e+02	1.182000e+03	6.510000e+02	1.608000e+03	6.220000e+02	2.896000e+03	1.663000e+03	2.495000e+03	7.069000e+03	4.243000e+03	5.090000e+02	3.948000e+03	7.020000e+02	8.105000e+03	5.040000e+02	2.236000e+03	4.768000e+03	5.500000e+01	3.000000e+01	7.800000e+01	5.300000e+01	2.500000e+01	8.400000e+01	5.850000e+03	2.050000e+02	2.069000e+03	9.300000e+03	1.517000e+03	1.082000e+03	1.333000e+03	1.282000e+03	3.659000e+03	4.150000e+02	5.460000e+02	3.991000e+03	9.366000e+03	1.860000e+03	1.036000e+03	3.730000e+02	1.661000e+03	1.550000e+02	3.209000e+03	3.120000e+02	4.690000e+02	3.350000e+02	7.270000e+02	4.250000e+02	1.541000e+03	9.300000e+02	1.065000e+03	9.860000e+02	1.078000e+03
1.900000e+01	1.600000e+01	1.600000e+01	2.400000e+01	2.500000e+01	2.400000e+01	2.500000e+01	8.100000e+01	3.700000e+01	8.500000e+01	1.280000e+02	2.260000e+02	5.800000e+01	4.200000e+01	2.260000e+02	4.760000e+02	2.036000e+03	2.483000e+03	2.089000e+03	3.699000e+03	4.810000e+02	2.461000e+03	9.800000e+03	1.450000e+02	1.092300e+04	2.480000e+02	4.295000e+03	2.791000e+03	7.090000e+02	5.200000e+01	3.500000e+01	4.300000e+01	4.400000e+01	4.600000e+01	7.400000e+01	9.200000e+01	3.670000e+03	4.440000e+02	4.977000e+03	1.304000e+03	3.406000e+03	1.980000e+02	7.480000e+02	3.460000e+02	5.129000e+03	1.887000e+03	2.329000e+03	1.566000e+03	3.470000e+02	3.192000e+03	5.215000e+03	3.705000e+03	9.790000e+02	3.660000e+02	4.185000e+03	4.840000e+02	3.558000e+03	3.504000e+03	1.014000e+03	2.432000e+03	1.105000e+03	1.104000e+03	4.460000e+02	1.336000e+03
2.100000e+01	1.500000e+01	2.200000e+01	2.600000e+01	2.600000e+01	7.600000e+01	8.000000e+01	6.900000e+01	2.900000e+01	2.290000e+02	9.500000e+01	2.010000e+02	4.400000e+02	7.300000e+01	2.850000e+02	1.460000e+03	2.820000e+02	7.240000e+02	3.486000e+03	7.340000e+02	2.690000e+03	1.044000e+03	7.890000e+02	3.690000e+02	1.606000e+03	1.082000e+03	1.760000e+02	1.571000e+03	9.000000e+02	5.600000e+01	3.400000e+01	2.600000e+01	4.200000e+01	4.700000e+01	4.900000e+01	7.000000e+01	4.490000e+03	3.322000e+03	6.380000e+03	4.753000e+03	5.670000e+02	3.170000e+02	3.570000e+03	1.166000e+03	1.394000e+03	4.660000e+03	4.511000e+03	1.370000e+03	7.460000e+02	1.104000e+03	9.510000e+03	1.926000e+03	5.100000e+02	8.400000e+02	3.820000e+02	3.360000e+02	1.624000e+03	5.950000e+02	2.023000e+03	2.750000e+02	6.750000e+02	1.273000e+03	1.780000e+02	1.310000e+02
2.200000e+01	1.800000e+01	1.400000e+01	2.100000e+01	2.500000e+01	4.000000e+01	8.200000e+01	2.200000e+01	5.200000e+01	2.800000e+01	4.930000e+02	9.400000e+01	9.900000e+01	2.440000e+02	3.700000e+01	2.510000e+02	1.480000e+02	4.060000e+02	1.500000e+02	6.630000e+02	2.880000e+02	9.100000e+02	1.610000e+02	2.340000e+02	1.652000e+03	2.598000e+03	1.960000e+03	4.680000e+02	5.000000e+01	2.100000e+01	6.500000e+01	2.600000e+01	3.500000e+01	8.100000e+01	3.500000e+01	1.440000e+02	5.725000e+03	3.166000e+03	8.880000e+02	2.230000e+03	4.310000e+02	5.420000e+02	7.920000e+02	6.820000e+02	5.630000e+02	2.590000e+02	1.184000e+03	4.030000e+02	1.920000e+03	2.664000e+03	1.740000e+02	9.900000e+02	1.360000e+02	7.180000e+02	7.400000e+02	8.040000e+02	1.560000e+02	4.133000e+03	8.340000e+02	1.815000e+03	1.900000e+02	1.019000e+03	2.000000e+02	1.700000e+02
2.000000e+01	1.800000e+01	1.700000e+01	1.400000e+01	2.000000e+01	1.600000e+01	3.600000e+01	1.220000e+02	4.100000e+01	7.700000e+01	4.720000e+02	2.480000e+02	2.660000e+02	5.020000e+02	2.390000e+02	1.156000e+03	6.780000e+02	7.590000e+03	7.300000e+01	3.930000e+02	4.466000e+03	1.012000e+03	2.081000e+03	1.051000e+03	5.005000e+03	1.797000e+03	9.290000e+02	1.800000e+02	1.208000e+03	2.200000e+01	6.400000e+01	3.200000e+01	1.900000e+01	3.900000e+01	1.060000e+02	2.900000e+01	3.172000e+03	1.017000e+03	1.336000e+03	1.932000e+03	3.970000e+02	8.227000e+03	2.036000e+03	2.273000e+03	2.630000e+02	5.690000e+02	5.383000e+03	5.370000e+02	5.250000e+02	8.140000e+02	2.550000e+02	5.500000e+01	1.123000e+03	5.770000e+02	1.730000e+02	2.410000e+02	1.933000e+03	4.520000e+02	6.920000e+02	1.165000e+03	8.180000e+02	6.700000e+01	1.300000e+02	5.700000e+01
1.900000e+01	2.800000e+01	2.200000e+01	1.300000e+01	1.700000e+01	1.700000e+01	2.500000e+01	2.100000e+01	1.610000e+02	2.400000e+01	2.700000e+01	2.610000e+02	5.160000e+02	1.496000e+03	2.040000e+03	4.090000e+02	1.141000e+03	1.544000e+03	1.164000e+03	4.270000e+02	5.230000e+02	2.950000e+02	1.260000e+02	4.230000e+02	2.711000e+03	3.720000e+02	3.620000e+02	2.659000e+03	2.480000e+02	4.300000e+01	3.500000e+01	1.900000e+01	3.600000e+01	4.000000e+01	2.900000e+01	7.900000e+01	4.530000e+02	2.686000e+03	8.160000e+02	1.650000e+02	1.899000e+03	4.063000e+03	2.340000e+02	5.852000e+03	5.300000e+02	1.217000e+03	2.889000e+03	1.257000e+03	2.628000e+03	2.710000e+02	4.113000e+03	3.470000e+02	2.124000e+03	1.085000e+03	4.960000e+02	1.590000e+02	1.060000e+02	2.392000e+03	1.677000e+03	4.300000e+01	4.030000e+02	1.650000e+02	5.500000e+01	1.060000e+02
2.600000e+01	2.300000e+01	2.400000e+01	1.900000e+01	2.200000e+01	2.100000e+01	2.800000e+01	3.700000e+01	3.900000e+01	5.400000e+01	1.680000e+02	1.550000e+02	1.440000e+02	3.430000e+02	2.700000e+02	9.400000e+01	4.324000e+03	1.580000e+03	2.323000e+03	1.698000e+03	1.130000e+02	2.530000e+03	7.230000e+02	1.171000e+03	1.617000e+03	5.940000e+02	2.140000e+02	1.409000e+03	8.470000e+02	6.000000e+01	4.500000e+01	5.600000e+01	4.200000e+01	2.900000e+01	1.100000e+02	4.700000e+01	2.390000e+02	2.210000e+02	2.890000e+02	9.830000e+02	4.700000e+02	1.031000e+03	1.836000e+03	5.060000e+02	2.380000e+02	1.855000e+03	1.184000e+03	3.800000e+02	1.155000e+03	4.730000e+02	5.370000e+02	2.276000e+03	3.450000e+02	1.778000e+03	1.300000e+02	1.940000e+02	5.520000e+02	1.610000e+02	4.260000e+02	1.370000e+02	1.080000e+03	1.400000e+02	5.000000e+01	1.160000e+02
2.400000e+01	1.500000e+01	1.900000e+01	2.000000e+01	2.200000e+01	2.500000e+01	3.000000e+01	3.500000e+01	3.100000e+01	2.700000e+01	1.670000e+02	3.500000e+01	2.740000e+02	1.690000e+02	4.670000e+02	2.010000e+02	6.270000e+02	2.406000e+03	3.010000e+02	1.250000e+02	2.779000e+03	9.560000e+02	2.530000e+02	4.874000e+03	6.720000e+02	1.777000e+03	2.876000e+03	9.890000e+02	3.220000e+02	2.900000e+01	5.300000e+01	2.400000e+01	1.130000e+02	3.600000e+01	5.400000e+01	1.750000e+02	1.810000e+02	1.260000e+02	6.310000e+02	2.344000e+03	1.750000e+02	2.534000e+03	2.075000e+03	2.472000e+03	7.120000e+03	7.630000e+02	2.240000e+02	3.260000e+02	3.440000e+02	5.110000e+02	2.869000e+03	1.126000e+03	4.330000e+02	2.360000e+02	2.015000e+03	2.880000e+02	1.061000e+03	6.860000e+02	5.520000e+02	1.620000e+02	9.300000e+01	5.700000e+01	2.430000e+02	2.700000e+01
2.200000e+01	1.800000e+01	2.000000e+01	2.500000e+01	1.300000e+01	1.800000e+01	4.100000e+01	1.800000e+01	2.300000e+01	8.700000e+01	3.600000e+01	1.120000e+02	1.790000e+02	1.760000e+02	5.490000e+02	2.281000e+03	1.723000e+03	3.670000e+02	5.940000e+02	1.068000e+03	1.778000e+03	3.140000e+02	1.044000e+03	3.169000e+03	1.720000e+02	6.100000e+02	5.210000e+02	3.400000e+02	3.920000e+02	5.500000e+01	2.400000e+01	4.600000e+01	3.000000e+01	4.500000e+01	2.600000e+01	1.140000e+02	3.330000e+02	5.910000e+02	1.590000e+02	8.850000e+02	3.270000e+02	8.300000e+01	9.390000e+02	4.380000e+02	1.221000e+03	2.650000e+02	2.040000e+02	4.230000e+02	9.500000e+01	1.585000e+03	9.800000e+01	2.810000e+02	1.837000e+03	5.180000e+02	2.445000e+03	1.200000e+02	6.300000e+01	1.710000e+02	5.460000e+02	9.040000e+02	9.100000e+01	1.370000e+02	1.710000e+02	2.900000e+01
2.400000e+01	1.500000e+01	2.200000e+01	1.600000e+01	1.600000e+01	1.900000e+01	2.700000e+01	4.100000e+01	3.100000e+01	3.800000e+01	3.800000e+01	5.300000e+01	3.400000e+01	1.180000e+02	3.000000e+02	2.370000e+02	4.260000e+02	6.900000e+01	1.448000e+03	5.110000e+02	3.840000e+02	3.480000e+02	2.810000e+02	3.230000e+02	2.980000e+02	8.280000e+02	5.260000e+02	1.271000e+03	2.052000e+03	3.000000e+01	3.000000e+01	2.100000e+01	8.100000e+01	3.500000e+01	2.500000e+01	2.570000e+02	4.189000e+03	4.830000e+02	3.126000e+03	2.200000e+03	3.810000e+02	4.460000e+02	6.030000e+02	2.830000e+02	4.400000e+02	5.810000e+02	2.780000e+02	3.493000e+03	1.600000e+03	1.115000e+03	1.581000e+03	3.700000e+02	6.650000e+02	3.320000e+02	3.840000e+02	1.017000e+03	7.880000e+02	9.530000e+02	1.270000e+02	1.200000e+02	6.300000e+01	8.100000e+01	2.100000e+01	1.700000e+01
2.400000e+01	1.800000e+01	1.700000e+01	2.200000e+01	1.700000e+01	2.200000e+01	2.300000e+01	3.400000e+01	2.800000e+01	6.300000e+01	1.270000e+02	1.230000e+02	9.900000e+01	8.300000e+01	6.550000e+02	3.957000e+03	1.017000e+03	5.810000e+02	1.460000e+02	5.810000e+02	8.150000e+02	1.094000e+03	1.239000e+03	2.270000e+02	6.750000e+02	4.082000e+03	1.357000e+03	2.352000e+03	5.430000e+02	5.300000e+01	3.700000e+01	4.700000e+01	3.500000e+01	3.700000e+01	3.200000e+01	2.660000e+02	3.976000e+03	2.261000e+03	3.460000e+02	1.337000e+03	5.220000e+02	3.340000e+02	1.258000e+03	6.480000e+02	3.148000e+03	1.635000e+03	6.800000e+02	4.240000e+02	3.280000e+02	6.340000e+02	1.782000e+03	4.860000e+02	1.063000e+03	3.650000e+02	4.590000e+02	2.910000e+02	5.820000e+02	9.300000e+01	1.092000e+03	1.590000e+02	1.270000e+02	1.040000e+02	1.900000e+01	2.900000e+01
1.500000e+01	1.300000e+01	2.700000e+01	1.400000e+01	1.500000e+01	1.500000e+01	2.100000e+01	1.500000e+01	1.600000e+01	3.900000e+01	1.900000e+01	4.300000e+01	8.200000e+01	1.290000e+02	3.800000e+01	7.220000e+02	9.040000e+02	6.340000e+02	4.510000e+02	6.230000e+02	6.750000e+02	1.587000e+03	9.960000e+02	1.238000e+03	3.519000e+03	2.140000e+03	5.490000e+02	3.012000e+03	3.510000e+02	1.800000e+01	3.700000e+01	6.000000e+01	5.900000e+01	3.800000e+01	3.900000e+01	9.600000e+01	7.500000e+02	1.048000e+03	1.628000e+03	1.840000e+02	6.410000e+02	1.880000e+02	2.860000e+02	2.080000e+02	2.820000e+02	2.209000e+03	2.810000e+02	3.820000e+02	1.670000e+03	9.100000e+01	5.310000e+02	3.820000e+02	1.180000e+03	2.980000e+02	2.370000e+02	6.550000e+02	1.160000e+02	1.090000e+02	2.650000e+02	9.700000e+01	4.500000e+01	1.700000e+01	1.700000e+01	1.100000e+01
1.400000e+01	9.000000e+00	2.100000e+01	1.900000e+01	1.800000e+01	1.300000e+01	2.900000e+01	2.400000e+01	2.600000e+01	7.200000e+01	5.500000e+01	1.090000e+02	7.000000e+01	2.260000e+02	5.620000e+02	7.250000e+02	4.200000e+01	3.000000e+01	8.910000e+02	8.250000e+02	5.800000e+02	6.340000e+02	1.412000e+03	1.121000e+03	1.186000e+03	2.362000e+03	4.180000e+02	3.030000e+02	1.229000e+03	2.800000e+01	3.800000e+01	4.700000e+01	3.500000e+01	2.600000e+01	6.600000e+01	7.660000e+02	1.655000e+03	7.460000e+02	5.310000e+02	1.880000e+02	2.910000e+02	6.110000e+02	2.245000e+03	6.580000e+02	6.820000e+02	9.120000e+02	1.146000e+03	6.720000e+02	3.240000e+02	3.750000e+02	1.540000e+02	5.770000e+02	5.350000e+02	3.970000e+02	3.570000e+02	8.500000e+01	6.500000e+02	2.690000e+02	3.700000e+01	1.080000e+02	1.300000e+01	2.000000e+01	2.000000e+01	1.800000e+01
1.300000e+01	1.900000e+01	1.300000e+01	1.800000e+01	2.500000e+01	2.000000e+01	2.000000e+01	2.300000e+01	2.900000e+01	2.300000e+01	3.300000e+01	2.100000e+01	2.300000e+01	9.700000e+01	5.800000e+01	5.740000e+02	2.060000e+02	6.900000e+02	4.660000e+02	8.480000e+02	2.130000e+02	1.060000e+02	8.480000e+02	3.370000e+02	8.500000e+02	2.110000e+02	6.960000e+02	7.030000e+02	3.130000e+02	2.000000e+01	2.300000e+01	3.900000e+01	2.300000e+01	5.000000e+01	5.500000e+01	2.080000e+02	2.990000e+02	3.960000e+02	3.970000e+02	3.450000e+02	2.010000e+02	2.720000e+02	1.120000e+02	2.810000e+02	1.501000e+03	5.050000e+02	9.700000e+01	1.660000e+02	4.250000e+02	6.120000e+02	2.240000e+02	6.310000e+02	2.510000e+02	1.328000e+03	5.460000e+02	1.780000e+02	1.920000e+02	9.000000e+01	4.000000e+01	6.100000e+01	2.100000e+01	2.100000e+01	1.500000e+01	1.300000e+01
1.500000e+01	2.300000e+01	2.300000e+01	1.700000e+01	1.300000e+01	1.900000e+01	1.200000e+01	3.500000e+01	2.600000e+01	4.000000e+01	1.400000e+01	2.600000e+01	1.000000e+02	3.500000e+01	1.860000e+02	6.500000e+01	1.830000e+02	9.500000e+01	3.200000e+01	2.300000e+02	4.930000e+02	1.317000e+03	4.420000e+02	3.910000e+02	1.036000e+03	3.280000e+02	6.870000e+02	9.100000e+02	2.800000e+02	4.000000e+01	6.100000e+01	1.700000e+01	2.500000e+01	2.000000e+01	4.000000e+01	6.880000e+02	2.090000e+02	8.040000e+02	1.970000e+02	2.130000e+02	7.040000e+02	6.100000e+01	4.240000e+02	5.400000e+01	1.790000e+02	4.200000e+02	6.700000e+01	1.360000e+02	8.330000e+02	1.780000e+02	5.500000e+02	3.400000e+02	1.690000e+02	3.700000e+02	1.190000e+02	4.400000e+01	3.300000e+01	8.900000e+01	3.300000e+01	1.300000e+01	1.900000e+01	1.500000e+01	2.500000e+01	2.000000e+01
1.200000e+01	1.900000e+01	1.900000e+01	2.500000e+01	8.000000e+00	2.000000e+01	1.900000e+01	1.700000e+01	2.000000e+01	2.200000e+01	2.200000e+01	4.700000e+01	1.120000e+02	1.070000e+02	4.900000e+01	3.320000e+02	7.900000e+01	7.800000e+01	3.750000e+02	3.130000e+02	1.340000e+02	6.250000e+02	7.260000e+02	6.100000e+01	3.110000e+02	5.580000e+02	1.650000e+02	4.420000e+02	2.670000e+02	2.200000e+01	1.200000e+01	4.000000e+01	4.700000e+01	1.800000e+01	1.800000e+01	5.400000e+01	8.300000e+02	1.910000e+02	1.474000e+03	1.680000e+02	1.082000e+03	1.070000e+02	1.108000e+03	8.090000e+02	6.100000e+01	3.800000e+01	4.520000e+02	1.288000e+03	3.700000e+02	6.300000e+02	1.730000e+02	1.170000e+02	2.680000e+02	4.930000e+02	1.200000e+02	3.400000e+01	6.300000e+01	5.300000e+01	2.000000e+01	1.300000e+01	2.300000e+01	1.500000e+01	2.000000e+01	2.100000e+01
1.900000e+01	1.600000e+01	1.400000e+01	1.500000e+01	1.500000e+01	2.000000e+01	2.300000e+01	1.000000e+01	1.900000e+01	2.200000e+01	2.300000e+01	3.000000e+01	2.700000e+01	5.700000e+01	6.700000e+01	1.800000e+01	1.290000e+02	2.180000e+02	5.540000e+02	2.180000e+02	7.400000e+01	1.210000e+03	6.430000e+02	1.320000e+02	1.620000e+02	1.840000e+02	2.540000e+02	4.900000e+01	5.280000e+02	1.600000e+01	1.700000e+01	2.200000e+01	2.900000e+01	3.100000e+01	1.900000e+01	4.300000e+01	5.100000e+01	5.800000e+01	1.270000e+02	2.630000e+02	3.600000e+01	9.500000e+01	1.370000e+02	1.183000e+03	2.250000e+02	7.900000e+01	3.680000e+02	1.400000e+02	4.660000e+02	1.290000e+02	9.360000e+02	5.020000e+02	1.580000e+02	6.400000e+01	1.130000e+02	6.600000e+01	3.900000e+01	1.800000e+01	1.400000e+01	1.300000e+01	1.800000e+01	1.600000e+01	1.200000e+01	1.600000e+01
1.200000e+01	1.300000e+01	1.600000e+01	3.100000e+01	2.100000e+01	1.500000e+01	1.100000e+01	1.800000e+01	1.200000e+01	2.400000e+01	3.400000e+01	3.400000e+01	2.400000e+01	3.300000e+01	4.500000e+01	3.600000e+01	2.380000e+02	9.600000e+01	2.360000e+02	1.070000e+02	7.800000e+01	2.840000e+02	1.710000e+02	5.010000e+02	8.200000e+01	2.660000e+02	2.290000e+02	9.670000e+02	1.180000e+02	2.700000e+01	2.300000e+01	4.100000e+01	3.800000e+01	3.000000e+01	2.900000e+01	2.730000e+02	1.407000e+03	3.490000e+02	7.390000e+02	7.700000e+01	3.290000e+02	2.600000e+02	3.530000e+02	2.570000e+02	1.110000e+02	1.010000e+02	1.400000e+02	1.280000e+02	5.760000e+02	4.600000e+01	5.610000e+02	1.460000e+02	2.240000e+02	1.740000e+02	6.300000e+01	3.100000e+01	2.500000e+01	2.200000e+01	1.700000e+01	1.900000e+01	1.500000e+01	1.900000e+01	1.800000e+01	1.300000e+01
1.700000e+01	1.900000e+01	2.300000e+01	1.800000e+01	1.500000e+01	2.700000e+01	9.000000e+00	2.000000e+01	1.200000e+01	2.700000e+01	4.100000e+01	3.800000e+01	2.100000e+01	6.900000e+01	3.100000e+01	3.300000e+01	8.100000e+01	1.130000e+02	3.000000e+01	5.100000e+01	5.460000e+02	3.590000e+02	1.860000e+02	3.050000e+02	3.600000e+02	1.350000e+02	1.066000e+03	4.700000e+01	8.600000e+01	2.400000e+01	2.200000e+01	2.000000e+01	2.300000e+01	2.900000e+01	2.200000e+01	3.670000e+02	4.380000e+02	2.170000e+02	2.080000e+02	6.310000e+02	1.030000e+02	3.230000e+02	9.260000e+02	1.205000e+03	5.560000e+02	4.800000e+01	1.370000e+02	6.060000e+02	8.700000e+01	8.000000e+01	3.000000e+01	2.380000e+02	1.020000e+02	2.800000e+01	3.400000e+01	2.200000e+01	1.900000e+01	1.300000e+01	1.900000e+01	1.900000e+01	1.500000e+01	1.100000e+01	1.500000e+01	1.700000e+01

