# Shape: 1 64 64
# comment: Скан кусочка карты. Шаг по Z 50 мкм
# metadata: {'created': '2026-08-07T11_12_39', 'description': '3D scan'}
# name: 10
# parameters: {'Np_slice': 4096, 'Np_total': 4096, 'Np_x': 64, 'Np_y': 64, 'Np_z': 1, 'accum_time': 10, 'step_x': 1024, 'step_y': 1024, 'step_z': 1024, 'x1': 0, 'x2': 65535, 'y1': 0, 'y2': 65535, 'z1': 0, 'z2': 0}
# units: {'accum_time_ms': 'ms', 'cord': 'LSB'}
# === DATA START ===
1.500000e+01	1.100000e+01	1.000000e+01	2.000000e+01	1.000000e+01	1.200000e+01	1.500000e+01	1.100000e+01	1.400000e+01	1.200000e+01	1.300000e+01	1.000000e+01	1.100000e+01	1.300000e+01	1.000000e+01	1.100000e+01	1.200000e+01	1.000000e+01	1.100000e+01	1.600000e+01	2.000000e+01	2.900000e+01	1.800000e+01	1.000000e+01	3.000000e+01	3.700000e+01	1.900000e+01	3.800000e+01	2.600000e+01	1.700000e+01	1.500000e+01	2.000000e+01	1.500000e+01	2.200000e+01	1.800000e+01	1.400000e+01	1.300000e+01	2.800000e+01	4.200000e+01	1.900000e+01	2.200000e+01	1.700000e+01	3.100000e+01	3.600000e+01	2.400000e+01	1.900000e+01	3.500000e+01	2.900000e+01	1.200000e+01	7.000000e+00	1.700000e+01	1.200000e+01	1.000000e+01	9.000000e+00	1.200000e+01	1.800000e+01	9.000000e+00	1.100000e+01	1.000000e+01	1.500000e+01	1.600000e+01	1.900000e+01	9.000000e+00	1.600000e+01
1.000000e+01	1.900000e+01	1.100000e+01	1.700000e+01	1.000000e+01	1.100000e+01	1.100000e+01	1.100000e+01	1.200000e+01	1.300000e+01	1.600000e+01	1.000000e+01	1.100000e+01	1.000000e+01	8.000000e+00	9.000000e+00	1.000000e+01	2.100000e+01	1.500000e+01	2.000000e+01	1.700000e+01	3.200000e+01	2.000000e+01	1.400000e+01	2.800000e+01	2.700000e+01	1.600000e+01	6.500000e+01	1.600000e+01	2.900000e+01	2.700000e+01	1.300000e+01	2.100000e+01	8.000000e+00	1.800000e+01	2.000000e+01	1.900000e+01	3.200000e+01	1.800000e+01	2.200000e+01	5.300000e+01	4.800000e+01	5.000000e+01	1.800000e+01	3.200000e+01	2.200000e+01	3.500000e+01	1.200000e+01	1.600000e+01	2.700000e+01	2.200000e+01	1.500000e+01	1.800000e+01	1.700000e+01	1.800000e+01	2.000000e+00	1.200000e+01	1.200000e+01	1.500000e+01	1.600000e+01	1.800000e+01	1.100000e+01	8.000000e+00	8.000000e+00
8.000000e+00	1.000000e+01	4.000000e+00	1.400000e+01	9.000000e+00	7.000000e+00	1.400000e+01	1.500000e+01	1.500000e+01	1.000000e+01	1.400000e+01	1.100000e+01	1.000000e+01	1.000000e+01	1.700000e+01	1.400000e+01	2.100000e+01	1.300000e+01	2.100000e+01	2.000000e+01	1.400000e+01	1.800000e+01	1.700000e+01	2.500000e+01	1.600000e+01	4.500000e+01	1.900000e+01	5.200000e+01	4.100000e+01	5.400000e+01	2.100000e+01	1.100000e+01	5.300000e+01	3.000000e+01	1.800000e+01	2.000000e+01	1.400000e+01	2.200000e+01	1.500000e+01	1.700000e+01	1.600000e+01	3.800000e+01	8.000000e+00	2.000000e+01	5.000000e+01	2.800000e+01	1.400000e+01	1.400000e+01	1.900000e+01	3.800000e+01	1.500000e+01	1.700000e+01	1.500000e+01	1.800000e+01	2.700000e+01	1.500000e+01	9.000000e+00	9.000000e+00	4.000000e+00	1.300000e+01	1.600000e+01	1.400000e+01	1.000000e+01	1.200000e+01
9.000000e+00	1.600000e+01	1.200000e+01	1.000000e+01	1.000000e+01	1.400000e+01	1.200000e+01	4.000000e+00	9.000000e+00	5.000000e+00	6.000000e+00	1.100000e+01	8.000000e+00	1.500000e+01	1.100000e+01	1.400000e+01	1.600000e+01	2.300000e+01	1.100000e+01	1.400000e+01	1.100000e+01	2.200000e+01	2.400000e+01	2.500000e+01	1.700000e+01	1.800000e+01	1.900000e+01	2.200000e+01	3.300000e+01	2.000000e+01	8.500000e+01	1.700000e+01	3.800000e+01	1.800000e+01	6.800000e+01	3.700000e+01	2.300000e+01	4.400000e+01	2.700000e+01	1.600000e+01	1.300000e+01	2.000000e+01	2.400000e+01	1.900000e+01	2.200000e+01	2.000000e+01	2.200000e+01	5.800000e+01	3.400000e+01	1.600000e+01	4.400000e+01	2.800000e+01	3.400000e+01	2.200000e+01	1.900000e+01	1.600000e+01	1.700000e+01	8.000000e+00	1.200000e+01	1.700000e+01	1.000000e+01	1.500000e+01	1.500000e+01	9.000000e+00
1.600000e+01	2.300000e+01	9.000000e+00	1.300000e+01	7.000000e+00	1.100000e+01	8.000000e+00	1.300000e+01	1.500000e+01	1.100000e+01	1.700000e+01	2.000000e+01	1.500000e+01	1.900000e+01	1.300000e+01	1.000000e+01	1.500000e+01	1.400000e+01	1.600000e+01	2.000000e+01	1.060000e+02	5.100000e+01	4.300000e+01	2.700000e+01	2.100000e+01	1.600000e+01	2.600000e+01	1.500000e+01	2.700000e+01	1.600000e+01	2.000000e+01	9.400000e+01	2.400000e+01	1.100000e+01	3.500000e+01	1.300000e+01	6.300000e+01	4.100000e+01	3.100000e+01	4.600000e+01	2.200000e+01	4.600000e+01	4.500000e+01	2.500000e+01	1.200000e+01	2.300000e+01	1.500000e+01	2.400000e+01	2.100000e+01	1.500000e+01	1.200000e+01	1.500000e+01	1.900000e+01	3.100000e+01	1.800000e+01	2.700000e+01	1.100000e+01	8.000000e+00	1.200000e+01	1.300000e+01	1.400000e+01	1.500000e+01	9.000000e+00	1.400000e+01
1.300000e+01	1.200000e+01	1.700000e+01	1.200000e+01	1.100000e+01	1.500000e+01	1.100000e+01	1.200000e+01	1.600000e+01	8.000000e+00	9.000000e+00	9.000000e+00	8.000000e+00	7.000000e+00	2.200000e+01	9.000000e+00	2.000000e+01	1.800000e+01	2.100000e+01	2.900000e+01	3.300000e+01	4.400000e+01	4.900000e+01	1.700000e+01	1.500000e+01	3.000000e+01	2.300000e+01	2.000000e+01	2.900000e+01	4.100000e+01	1.600000e+01	2.300000e+01	2.600000e+01	1.600000e+01	1.900000e+01	2.100000e+01	3.400000e+01	1.300000e+01	5.300000e+01	6.400000e+01	1.500000e+01	2.500000e+01	1.700000e+01	1.200000e+01	1.400000e+01	1.400000e+01	1.700000e+01	2.000000e+01	3.800000e+01	3.500000e+01	8.000000e+00	1.400000e+01	1.200000e+01	5.800000e+01	2.000000e+01	3.200000e+01	1.200000e+01	1.200000e+01	1.100000e+01	1.000000e+01	1.100000e+01	1.000000e+01	1.000000e+01	1.100000e+01
6.000000e+00	1.200000e+01	1.300000e+01	7.000000e+00	1.000000e+01	7.000000e+00	1.100000e+01	9.000000e+00	1.000000e+01	9.000000e+00	1.100000e+01	1.000000e+01	9.000000e+00	1.700000e+01	2.500000e+01	2.000000e+01	1.300000e+01	4.200000e+01	1.900000e+01	1.700000e+01	7.600000e+01	6.100000e+01	1.500000e+01	9.000000e+00	1.300000e+01	2.400000e+01	3.800000e+01	8.000000e+00	2.400000e+01	1.900000e+01	3.200000e+01	1.300000e+01	2.300000e+01	2.300000e+01	1.100000e+01	2.300000e+01	2.900000e+01	2.900000e+01	2.700000e+01	2.400000e+01	1.600000e+01	2.400000e+01	3.600000e+01	3.100000e+01	4.200000e+01	8.000000e+00	1.900000e+01	1.700000e+01	3.600000e+01	4.900000e+01	1.400000e+01	1.500000e+01	1.600000e+01	2.100000e+01	1.900000e+01	1.300000e+01	2.900000e+01	3.700000e+01	1.100000e+01	9.000000e+00	7.000000e+00	1.300000e+01	1.100000e+01	1.500000e+01
1.400000e+01	1.200000e+01	1.300000e+01	1.700000e+01	1.300000e+01	7.000000e+00	1.100000e+01	1.500000e+01	1.500000e+01	1.600000e+01	8.000000e+00	1.200000e+01	1.700000e+01	1.200000e+01	1.800000e+01	1.200000e+01	2.300000e+01	1.900000e+01	2.400000e+01	3.000000e+01	1.600000e+01	4.400000e+01	1.900000e+01	7.000000e+00	1.300000e+01	1.500000e+01	1.000000e+01	3.100000e+01	1.280000e+02	2.200000e+01	2.700000e+01	1.300000e+01	1.000000e+01	5.300000e+01	2.500000e+01	1.100000e+01	1.800000e+01	1.600000e+01	1.700000e+01	3.200000e+01	1.600000e+01	7.000000e+00	1.300000e+01	2.400000e+01	2.000000e+01	1.800000e+01	5.400000e+01	2.100000e+01	3.300000e+01	3.200000e+01	6.000000e+01	1.100000e+01	1.800000e+01	2.000000e+01	3.300000e+01	1.600000e+01	2.100000e+01	1.300000e+01	1.700000e+01	1.200000e+01	9.000000e+00	1.200000e+01	1.400000e+01	1.500000e+01
1.000000e+01	1.100000e+01	6.000000e+00	1.200000e+01	1.000000e+01	1.400000e+01	1.000000e+01	1.500000e+01	1.500000e+01	1.800000e+01	1.100000e+01	1.200000e+01	1.300000e+01	2.400000e+01	6.000000e+00	1.300000e+01	2.900000e+01	2.700000e+01	2.700000e+01	1.000000e+01	3.300000e+01	1.800000e+01	1.000000e+01	2.900000e+01	1.900000e+01	6.000000e+00	1.800000e+01	3.300000e+01	4.000000e+01	2.200000e+01	3.200000e+01	3.800000e+01	1.400000e+01	2.200000e+01	2.000000e+01	1.600000e+01	4.300000e+01	4.100000e+01	2.100000e+01	4.300000e+01	3.400000e+01	7.000000e+00	1.600000e+01	1.900000e+01	4.200000e+01	1.300000e+01	5.400000e+01	2.700000e+01	1.900000e+01	2.700000e+01	1.700000e+01	2.300000e+01	4.500000e+01	1.700000e+01	8.000000e+00	3.100000e+01	1.400000e+01	3.500000e+01	2.600000e+01	1.300000e+01	1.400000e+01	9.000000e+00	1.400000e+01	1.300000e+01
1.100000e+01	1.100000e+01	1.200000e+01	1.300000e+01	1.100000e+01	1.300000e+01	8.000000e+00	1.100000e+01	1.200000e+01	1.200000e+01	7.000000e+00	1.400000e+01	5.000000e+00	1.900000e+01	1.700000e+01	1.800000e+01	2.400000e+01	5.500000e+01	1.700000e+01	2.200000e+01	8.000000e+01	3.900000e+01	4.200000e+01	4.600000e+01	1.300000e+01	5.800000e+01	3.300000e+01	1.600000e+01	2.200000e+01	1.400000e+01	3.700000e+01	1.500000e+01	2.000000e+01	1.500000e+01	2.200000e+01	1.700000e+01	1.500000e+01	3.200000e+01	2.200000e+01	1.000000e+01	2.200000e+01	8.000000e+00	1.400000e+01	1.600000e+01	7.600000e+01	4.500000e+01	3.600000e+01	1.300000e+01	1.000000e+01	9.000000e+00	1.100000e+01	1.800000e+01	2.200000e+01	2.100000e+01	1.600000e+01	1.800000e+01	1.500000e+01	3.500000e+01	2.900000e+01	1.000000e+01	1.900000e+01	7.000000e+00	1.700000e+01	1.600000e+01
1.400000e+01	1.500000e+01	5.000000e+00	1.200000e+01	9.000000e+00	9.000000e+00	1.700000e+01	1.200000e+01	5.000000e+00	1.800000e+01	1.600000e+01	7.000000e+00	1.400000e+01	1.400000e+01	6.000000e+00	1.800000e+01	1.100000e+01	2.100000e+01	2.900000e+01	3.700000e+01	1.400000e+01	2.200000e+01	2.800000e+01	3.700000e+01	6.200000e+01	2.000000e+01	6.200000e+01	2.200000e+01	4.900000e+01	2.600000e+01	4.200000e+01	1.100000e+01	2.000000e+01	2.300000e+01	9.000000e+00	3.800000e+01	2.800000e+01	2.100000e+01	1.300000e+01	1.200000e+01	1.600000e+01	4.300000e+01	2.500000e+01	3.200000e+01	1.300000e+01	2.000000e+01	1.600000e+01	2.500000e+01	4.600000e+01	6.700000e+01	4.900000e+01	3.200000e+01	2.000000e+01	8.000000e+00	1.700000e+01	1.600000e+01	1.100000e+01	1.000000e+01	2.100000e+01	1.700000e+01	2.200000e+01	2.200000e+01	9.000000e+00	1.600000e+01
1.400000e+01	1.100000e+01	8.000000e+00	1.000000e+01	1.100000e+01	1.400000e+01	1.200000e+01	1.300000e+01	1.400000e+01	1.000000e+01	1.200000e+01	1.300000e+01	1.400000e+01	1.500000e+01	3.300000e+01	1.300000e+01	2.200000e+01	4.200000e+01	2.300000e+01	3.000000e+01	4.700000e+01	3.400000e+01	2.000000e+01	1.400000e+01	2.100000e+01	3.300000e+01	3.300000e+01	2.100000e+01	4.000000e+01	2.500000e+01	2.200000e+01	2.900000e+01	2.200000e+01	2.000000e+01	1.600000e+01	1.700000e+01	2.300000e+01	3.300000e+01	2.500000e+01	4.600000e+01	7.000000e+00	3.500000e+01	4.300000e+01	1.300000e+01	2.700000e+01	1.800000e+01	6.300000e+01	4.400000e+01	2.100000e+01	1.400000e+01	3.800000e+01	6.200000e+01	5.000000e+01	3.600000e+01	2.400000e+01	1.500000e+01	1.700000e+01	8.000000e+01	1.000000e+01	2.400000e+01	1.600000e+01	1.800000e+01	9.000000e+00	9.000000e+00
8.000000e+00	1.200000e+01	5.000000e+00	1.100000e+01	1.200000e+01	1.200000e+01	1.200000e+01	1.300000e+01	1.100000e+01	4.000000e+00	1.500000e+01	1.000000e+01	1.300000e+01	9.000000e+00	2.700000e+01	9.000000e+00	7.200000e+01	1.900000e+01	2.900000e+01	2.600000e+01	2.100000e+01	1.200000e+01	1.700000e+01	2.100000e+01	2.200000e+01	3.700000e+01	3.400000e+01	2.300000e+01	2.700000e+01	5.200000e+01	2.000000e+01	2.200000e+01	3.200000e+01	3.000000e+01	9.000000e+00	2.600000e+01	2.700000e+01	1.700000e+01	2.300000e+01	2.200000e+01	1.500000e+01	6.200000e+01	1.700000e+01	4.000000e+01	2.400000e+01	1.800000e+01	1.600000e+01	2.500000e+01	2.500000e+01	2.600000e+01	2.000000e+01	1.500000e+01	1.600000e+01	2.100000e+01	1.800000e+01	3.200000e+01	2.800000e+01	1.900000e+01	4.300000e+01	1.700000e+01	2.400000e+01	2.800000e+01	1.200000e+01	1.800000e+01
1.400000e+01	7.000000e+00	1.200000e+01	1.100000e+01	2.300000e+01	1.600000e+01	1.200000e+01	9.000000e+00	9.000000e+00	1.200000e+01	1.600000e+01	2.200000e+01	1.800000e+01	1.500000e+01	3.500000e+01	1.900000e+01	5.000000e+01	3.200000e+01	1.210000e+02	4.100000e+01	3.400000e+01	1.500000e+01	2.200000e+01	2.100000e+01	1.500000e+01	4.000000e+01	5.200000e+01	4.900000e+01	2.100000e+01	2.600000e+01	1.600000e+01	1.300000e+01	2.500000e+01	2.200000e+01	1.400000e+01	6.300000e+01	2.300000e+01	1.000000e+02	1.700000e+01	3.500000e+01	2.300000e+01	9.000000e+00	4.800000e+01	1.400000e+01	4.400000e+01	3.000000e+01	1.900000e+01	2.700000e+01	1.500000e+01	2.200000e+01	1.400000e+01	1.400000e+01	4.700000e+01	2.100000e+01	1.600000e+01	1.500000e+01	1.400000e+01	1.500000e+01	2.000000e+01	1.500000e+01	9.000000e+00	1.600000e+01	1.200000e+01	9.000000e+00
9.000000e+00	1.200000e+01	1.100000e+01	1.400000e+01	1.500000e+01	1.400000e+01	9.000000e+00	1.100000e+01	1.400000e+01	1.100000e+01	1.800000e+01	1.500000e+01	1.800000e+01	2.400000e+01	1.300000e+01	6.200000e+01	4.400000e+01	7.700000e+01	2.500000e+01	1.900000e+01	2.200000e+01	3.400000e+01	2.200000e+01	1.500000e+01	2.200000e+01	2.600000e+01	7.000000e+01	1.700000e+01	2.700000e+01	1.900000e+01	1.500000e+01	1.800000e+01	2.900000e+01	1.700000e+01	2.000000e+01	1.400000e+01	1.400000e+01	2.300000e+01	4.200000e+01	1.700000e+01	5.600000e+01	2.500000e+01	8.000000e+00	1.000000e+01	3.100000e+01	1.400000e+01	1.800000e+01	3.500000e+01	3.300000e+01	4.600000e+01	1.200000e+01	1.300000e+01	2.900000e+01	3.000000e+01	1.200000e+01	1.200000e+01	1.600000e+01	1.700000e+01	1.500000e+01	1.900000e+01	1.300000e+01	2.800000e+01	2.000000e+01	2.000000e+01
1.200000e+01	1.200000e+01	1.200000e+01	1.600000e+01	1.900000e+01	1.700000e+01	1.000000e+01	1.900000e+01	7.000000e+00	8.000000e+00	2.600000e+01	1.600000e+01	1.700000e+01	2.100000e+01	4.400000e+01	5.800000e+01	2.600000e+01	2.800000e+01	2.700000e+01	1.600000e+01	2.200000e+01	2.600000e+01	2.400000e+01	8.600000e+01	2.100000e+01	5.900000e+01	2.000000e+01	2.000000e+01	3.200000e+01	1.900000e+01	3.500000e+01	1.000000e+01	1.600000e+01	1.300000e+01	3.800000e+01	1.400000e+01	2.000000e+01	2.600000e+01	2.400000e+01	1.400000e+01	2.700000e+01	1.800000e+01	1.600000e+01	1.700000e+01	2.600000e+01	2.100000e+01	1.500000e+01	2.900000e+01	6.200000e+01	4.000000e+01	2.900000e+01	1.700000e+01	1.700000e+01	1.400000e+01	2.400000e+01	2.600000e+01	2.100000e+01	5.900000e+01	1.500000e+01	2.100000e+01	1.100000e+01	1.900000e+01	2.000000e+01	1.000000e+01
1.500000e+01	1.500000e+01	2.000000e+01	9.000000e+00	1.000000e+01	1.300000e+01	1.000000e+01	1.400000e+01	1.700000e+01	1.100000e+01	1.000000e+01	2.400000e+01	2.100000e+01	3.000000e+01	1.500000e+01	5.700000e+01	4.400000e+01	4.000000e+01	4.400000e+01	2.900000e+01	1.400000e+01	3.900000e+01	7.900000e+01	3.800000e+01	9.000000e+00	4.000000e+01	2.000000e+01	1.700000e+01	4.300000e+01	2.100000e+01	3.200000e+01	1.200000e+01	3.400000e+01	1.400000e+01	2.300000e+01	5.400000e+01	7.000000e+00	3.200000e+01	3.700000e+01	2.400000e+01	2.000000e+01	3.400000e+01	2.100000e+01	2.100000e+01	2.400000e+01	4.500000e+01	7.700000e+01	1.500000e+01	2.200000e+01	2.300000e+01	8.000000e+00	5.500000e+01	1.500000e+01	3.000000e+01	1.200000e+01	1.600000e+01	2.300000e+01	4.000000e+01	2.300000e+01	2.500000e+01	2.300000e+01	2.000000e+01	2.200000e+01	2.100000e+01
1.200000e+01	1.200000e+01	1.400000e+01	1.100000e+01	8.000000e+00	9.000000e+00	1.600000e+01	1.600000e+01	2.200000e+01	1.100000e+01	1.600000e+01	1.100000e+01	8.000000e+00	4.100000e+01	5.300000e+01	3.300000e+01	1.180000e+02	1.900000e+01	3.200000e+01	2.300000e+01	4.800000e+01	2.600000e+01	1.300000e+01	2.600000e+01	6.200000e+01	1.800000e+01	3.400000e+01	3.000000e+01	4.300000e+01	2.200000e+01	4.100000e+01	3.300000e+01	2.000000e+01	6.500000e+01	4.100000e+01	1.200000e+01	3.200000e+01	1.600000e+01	1.700000e+01	3.300000e+01	2.400000e+01	2.100000e+01	1.180000e+02	2.100000e+01	5.200000e+01	1.400000e+01	1.600000e+01	3.600000e+01	4.000000e+01	1.010000e+02	1.000000e+01	3.300000e+01	3.200000e+01	1.800000e+01	3.900000e+01	1.900000e+01	2.100000e+01	3.400000e+01	2.500000e+01	1.200000e+01	1.600000e+01	3.700000e+01	1.800000e+01	1.700000e+01
8.000000e+00	1.000000e+01	1.500000e+01	1.300000e+01	1.200000e+01	1.600000e+01	1.500000e+01	8.000000e+00	1.800000e+01	1.500000e+01	1.000000e+01	1.400000e+01	1.600000e+01	1.800000e+01	1.900000e+01	2.000000e+01	2.100000e+01	2.100000e+01	4.200000e+01	6.000000e+01	1.500000e+01	1.400000e+01	3.600000e+01	4.200000e+01	2.000000e+01	2.300000e+01	2.800000e+01	2.300000e+01	1.900000e+01	1.900000e+01	1.700000e+01	2.700000e+01	2.000000e+01	6.100000e+01	2.800000e+01	5.500000e+01	4.800000e+01	1.900000e+01	3.200000e+01	1.700000e+01	3.100000e+01	2.200000e+01	2.600000e+01	6.000000e+01	1.300000e+01	1.500000e+01	2.000000e+01	2.400000e+01	2.500000e+01	6.500000e+01	1.100000e+01	2.900000e+01	2.300000e+01	1.600000e+01	2.900000e+01	2.100000e+01	1.900000e+01	1.500000e+01	1.900000e+01	3.700000e+01	2.000000e+01	3.700000e+01	3.600000e+01	1.500000e+01
1.100000e+01	1.100000e+01	1.100000e+01	1.000000e+01	1.100000e+01	9.000000e+00	1.000000e+01	1.300000e+01	1.400000e+01	1.200000e+01	1.300000e+01	1.200000e+01	1.900000e+01	8.000000e+00	3.300000e+01	2.500000e+01	5.900000e+01	9.000000e+00	4.600000e+01	5.800000e+01	1.200000e+01	3.500000e+01	4.000000e+01	3.400000e+01	2.600000e+01	5.000000e+01	1.700000e+01	3.300000e+01	3.800000e+01	1.800000e+01	4.500000e+01	2.000000e+01	4.000000e+01	3.200000e+01	2.000000e+01	2.300000e+01	6.200000e+01	1.700000e+01	3.800000e+01	2.200000e+01	4.700000e+01	2.300000e+01	8.000000e+00	3.300000e+01	6.200000e+01	2.100000e+01	4.000000e+01	3.600000e+01	3.700000e+01	3.400000e+01	1.500000e+01	2.800000e+01	1.400000e+01	1.700000e+01	3.500000e+01	2.200000e+01	2.800000e+01	2.600000e+01	1.700000e+01	1.300000e+01	1.300000e+01	1.200000e+01	2.800000e+01	1.400000e+01
8.000000e+00	1.300000e+01	8.000000e+00	1.300000e+01	1.600000e+01	1.400000e+01	1.700000e+01	8.000000e+00	6.000000e+00	1.800000e+01	6.000000e+00	1.500000e+01	2.500000e+01	1.500000e+01	2.000000e+01	5.000000e+01	6.400000e+01	3.100000e+01	1.600000e+01	3.400000e+01	1.500000e+01	6.800000e+01	1.600000e+01	2.600000e+01	1.000000e+01	1.200000e+01	1.500000e+01	4.600000e+01	1.900000e+01	6.000000e+00	5.100000e+01	2.300000e+01	2.400000e+01	3.800000e+01	3.200000e+01	5.900000e+01	1.200000e+01	2.700000e+01	1.500000e+01	3.300000e+01	3.700000e+01	5.400000e+01	2.800000e+01	2.000000e+01	4.100000e+01	2.700000e+01	3.700000e+01	3.800000e+01	2.300000e+01	1.000000e+01	1.600000e+01	1.700000e+01	2.000000e+01	4.200000e+01	1.230000e+02	2.100000e+01	7.100000e+01	6.200000e+01	4.200000e+01	2.500000e+01	2.600000e+01	3.700000e+01	5.200000e+01	2.900000e+01
7.000000e+00	1.100000e+01	1.500000e+01	8.000000e+00	9.000000e+00	9.000000e+00	6.000000e+00	1.100000e+01	9.000000e+00	1.400000e+01	7.000000e+00	1.100000e+01	2.700000e+01	8.000000e+00	1.800000e+01	2.400000e+01	2.200000e+01	2.000000e+01	2.800000e+01	1.800000e+01	2.700000e+01	5.900000e+01	1.900000e+01	1.300000e+01	1.400000e+01	2.400000e+01	1.060000e+02	3.100000e+01	5.200000e+01	3.900000e+01	1.200000e+01	2.300000e+01	3.000000e+01	2.400000e+01	4.600000e+01	1.300000e+01	6.300000e+01	5.600000e+01	1.300000e+01	1.600000e+01	2.300000e+01	2.200000e+01	6.300000e+01	9.000000e+00	1.200000e+01	2.700000e+01	9.000000e+00	2.500000e+01	1.300000e+01	2.600000e+01	5.900000e+01	2.200000e+01	2.700000e+01	2.400000e+01	1.800000e+01	9.000000e+00	2.500000e+01	4.500000e+01	4.000000e+01	6.300000e+01	4.400000e+01	1.200000e+01	1.600000e+01	2.400000e+01
1.200000e+01	5.000000e+00	1.300000e+01	1.200000e+01	1.800000e+01	1.200000e+01	1.500000e+01	5.000000e+00	1.600000e+01	1.200000e+01	1.400000e+01	1.100000e+01	1.800000e+01	1.400000e+01	1.400000e+01	2.100000e+01	2.500000e+01	1.000000e+01	1.500000e+01	3.300000e+01	1.600000e+01	1.220000e+02	2.600000e+01	1.700000e+01	3.100000e+01	7.000000e+01	1.500000e+01	2.300000e+01	2.600000e+01	1.700000e+01	2.000000e+01	5.000000e+00	2.100000e+01	2.700000e+01	1.600000e+01	2.300000e+01	4.900000e+01	1.500000e+01	1.800000e+01	5.900000e+01	3.100000e+01	5.600000e+01	1.900000e+01	1.300000e+01	3.500000e+01	1.700000e+01	2.600000e+01	1.100000e+01	1.400000e+01	4.500000e+01	1.900000e+01	1.700000e+01	3.700000e+01	4.700000e+01	1.200000e+01	4.100000e+01	1.300000e+01	2.400000e+01	2.900000e+01	2.200000e+01	1.400000e+01	1.800000e+01	2.600000e+01	1.100000e+01
1.400000e+01	1.100000e+01	1.400000e+01	1.300000e+01	1.700000e+01	1.500000e+01	9.000000e+00	6.000000e+00	1.400000e+01	1.000000e+01	1.000000e+01	8.000000e+00	1.500000e+01	1.000000e+01	1.300000e+01	1.700000e+01	1.400000e+01	1.000000e+01	1.700000e+01	1.800000e+01	1.800000e+01	1.800000e+01	1.200000e+01	2.000000e+01	1.400000e+01	3.100000e+01	2.500000e+01	1.500000e+01	1.700000e+01	3.300000e+01	2.000000e+01	3.400000e+01	3.700000e+01	1.900000e+01	2.600000e+01	1.400000e+01	2.500000e+01	2.000000e+01	1.400000e+01	1.600000e+01	1.600000e+01	2.100000e+01	2.200000e+01	1.400000e+01	1.600000e+01	5.800000e+01	3.100000e+01	1.900000e+01	1.600000e+01	1.500000e+01	9.000000e+00	2.200000e+01	2.000000e+01	3.100000e+01	7.300000e+01	5.600000e+01	2.700000e+01	3.100000e+01	2.600000e+01	1.400000e+01	2.900000e+01	2.000000e+01	1.600000e+01	1.700000e+01
1.100000e+01	2.000000e+01	9.000000e+00	1.000000e+01	1.200000e+01	2.100000e+01	1.300000e+01	1.300000e+01	1.100000e+01	1.700000e+01	1.600000e+01	1.300000e+01	1.000000e+01	1.800000e+01	8.000000e+00	1.200000e+01	2.400000e+01	1.300000e+01	1.200000e+01	1.600000e+01	1.500000e+01	9.000000e+00	1.100000e+01	1.300000e+01	1.300000e+01	1.100000e+01	1.200000e+01	1.900000e+01	1.700000e+01	1.400000e+01	1.300000e+01	1.200000e+01	1.500000e+01	2.300000e+01	4.200000e+01	3.100000e+01	3.900000e+01	2.000000e+01	3.500000e+01	3.300000e+01	1.100000e+01	2.900000e+01	3.700000e+01	1.100000e+01	2.600000e+01	9.000000e+00	2.200000e+01	1.800000e+01	1.500000e+01	2.100000e+01	1.800000e+01	1.000000e+01	1.900000e+01	4.500000e+01	6.100000e+01	2.500000e+01	2.600000e+01	1.500000e+01	2.100000e+01	6.200000e+01	1.600000e+01	4.900000e+01	1.700000e+01	2.200000e+01
1.100000e+01	6.000000e+00	1.100000e+01	1.200000e+01	9.000000e+00	1.100000e+01	1.200000e+01	8.000000e+00	9.000000e+00	8.000000e+00	1.300000e+01	8.000000e+00	1.400000e+01	1.500000e+01	1.400000e+01	5.000000e+00	9.000000e+00	9.000000e+00	1.500000e+01	1.200000e+01	1.000000e+01	1.300000e+01	1.400000e+01	1.300000e+01	1.100000e+01	1.600000e+01	1.100000e+01	1.200000e+01	1.500000e+01	1.500000e+01	1.400000e+01	1.700000e+01	1.800000e+01	1.500000e+01	4.100000e+01	1.600000e+01	2.500000e+01	1.500000e+01	2.000000e+01	1.200000e+01	2.100000e+01	3.800000e+01	1.900000e+01	4.200000e+01	7.300000e+01	1.700000e+01	2.400000e+01	2.000000e+01	1.400000e+01	1.200000e+01	1.300000e+01	3.000000e+01	1.800000e+01	1.700000e+01	2.000000e+01	4.300000e+01	3.000000e+01	2.200000e+01	2.900000e+01	1.400000e+01	4.200000e+01	9.000000e+00	2.000000e+01	1.600000e+01
1.200000e+01	1.300000e+01	1.300000e+01	4.000000e+00	1.200000e+01	1.500000e+01	5.000000e+00	1.300000e+01	1.500000e+01	4.000000e+00	1.200000e+01	1.200000e+01	1.100000e+01	1.200000e+01	1.400000e+01	1.700000e+01	1.000000e+01	1.000000e+01	1.600000e+01	1.500000e+01	1.000000e+01	3.000000e+00	7.000000e+00	1.000000e+01	1.600000e+01	1.000000e+01	1.000000e+01	1.400000e+01	9.000000e+00	1.400000e+01	7.000000e+00	8.000000e+00	1.000000e+01	2.500000e+01	1.100000e+01	4.600000e+01	1.400000e+01	1.500000e+01	4.100000e+01	3.100000e+01	3.600000e+01	2.000000e+01	1.600000e+01	2.100000e+01	4.600000e+01	5.100000e+01	7.700000e+01	1.000000e+01	3.100000e+01	1.400000e+01	1.300000e+01	7.400000e+01	1.200000e+01	5.000000e+00	1.100000e+01	2.800000e+01	2.200000e+01	2.400000e+01	2.200000e+01	1.900000e+01	1.800000e+01	7.000000e+00	1.300000e+01	2.200000e+01
1.800000e+01	1.100000e+01	1.300000e+01	8.000000e+00	1.300000e+01	1.200000e+01	1.200000e+01	1.200000e+01	1.000000e+01	1.200000e+01	8.000000e+00	1.200000e+01	7.000000e+00	1.100000e+01	1.700000e+01	1.500000e+01	1.100000e+01	9.000000e+00	1.000000e+01	8.000000e+00	1.200000e+01	1.700000e+01	1.300000e+01	9.000000e+00	1.300000e+01	1.200000e+01	1.100000e+01	8.000000e+00	9.000000e+00	1.400000e+01	2.100000e+01	1.200000e+01	1.800000e+01	1.000000e+01	3.100000e+01	1.700000e+01	1.600000e+01	3.500000e+01	2.900000e+01	7.800000e+01	7.700000e+01	1.700000e+01	3.100000e+01	2.100000e+01	2.900000e+01	3.400000e+01	3.600000e+01	4.100000e+01	2.000000e+01	2.900000e+01	9.000000e+00	1.800000e+01	1.500000e+01	2.500000e+01	3.700000e+01	2.200000e+01	6.000000e+01	1.000000e+01	2.200000e+01	1.200000e+01	2.500000e+01	1.200000e+01	1.500000e+01	2.200000e+01
1.500000e+01	1.200000e+01	9.000000e+00	8.000000e+00	1.500000e+01	1.400000e+01	1.000000e+01	1.400000e+01	6.000000e+00	1.300000e+01	1.600000e+01	1.700000e+01	1.300000e+01	1.100000e+01	1.000000e+01	1.100000e+01	1.000000e+01	1.100000e+01	1.600000e+01	1.300000e+01	1.000000e+01	1.800000e+01	2.100000e+01	1.200000e+01	1.300000e+01	1.200000e+01	1.000000e+01	1.400000e+01	1.500000e+01	8.000000e+00	1.300000e+01	1.600000e+01	7.000000e+00	1.300000e+01	1.400000e+01	1.460000e+02	2.200000e+01	9.000000e+01	3.500000e+01	1.900000e+01	2.800000e+01	2.000000e+01	2.100000e+01	5.500000e+01	3.000000e+01	7.700000e+01	3.800000e+01	3.000000e+01	2.300000e+01	4.900000e+01	1.200000e+01	1.400000e+01	7.000000e+00	2.300000e+01	2.400000e+01	4.700000e+01	2.100000e+01	1.300000e+01	1.500000e+01	1.300000e+01	1.300000e+01	2.100000e+01	1.300000e+01	2.200000e+01
8.000000e+00	1.300000e+01	1.600000e+01	6.000000e+00	1.000000e+01	8.000000e+00	1.600000e+01	1.700000e+01	1.300000e+01	2.600000e+01	1.200000e+01	2.200000e+01	2.300000e+01	5.300000e+01	2.200000e+01	1.500000e+01	1.100000e+01	1.600000e+01	1.600000e+01	1.800000e+01	9.000000e+00	1.600000e+01	1.400000e+01	9.000000e+00	1.500000e+01	1.000000e+01	1.900000e+01	1.300000e+01	1.300000e+01	1.700000e+01	1.500000e+01	1.900000e+01	2.000000e+01	1.100000e+01	1.100000e+01	2.200000e+01	5.300000e+01	1.800000e+01	3.400000e+01	1.900000e+01	1.700000e+01	2.200000e+01	1.900000e+01	1.200000e+01	1.700000e+01	2.400000e+01	7.400000e+01	1.900000e+01	1.700000e+01	1.600000e+01	1.700000e+01	2.900000e+01	1.100000e+01	2.300000e+01	2.200000e+01	1.000000e+01	3.300000e+01	2.400000e+01	6.300000e+01	6.000000e+00	2.000000e+01	2.100000e+01	3.200000e+01	2.800000e+01
1.600000e+01	1.300000e+01	1.400000e+01	1.900000e+01	1.000000e+01	1.400000e+01	1.500000e+01	1.200000e+01	2.100000e+01	2.500000e+01	7.000000e+00	2.600000e+01	1.800000e+01	2.700000e+01	1.800000e+01	2.200000e+01	3.300000e+01	3.200000e+01	1.600000e+01	1.800000e+01	2.000000e+01	9.000000e+00	1.400000e+01	2.100000e+01	2.200000e+01	1.000000e+01	6.000000e+00	1.400000e+01	1.700000e+01	1.400000e+01	1.000000e+01	1.100000e+01	1.100000e+01	1.700000e+01	8.000000e+00	1.000000e+01	2.000000e+01	4.400000e+01	2.700000e+01	3.300000e+01	4.400000e+01	2.700000e+01	4.000000e+01	2.200000e+01	2.200000e+01	2.400000e+01	1.400000e+01	4.300000e+01	1.400000e+01	1.000000e+01	4.700000e+01	2.000000e+01	1.100000e+01	2.500000e+01	9.000000e+00	2.100000e+01	3.700000e+01	1.400000e+01	3.800000e+01	1.300000e+01	1.900000e+01	2.800000e+01	3.600000e+01	2.700000e+01
8.000000e+00	1.100000e+01	9.000000e+00	1.000000e+01	1.700000e+01	1.500000e+01	1.000000e+01	1.000000e+01	2.100000e+01	2.100000e+01	2.100000e+01	3.400000e+01	2.300000e+01	7.300000e+01	6.200000e+01	2.200000e+01	2.600000e+01	1.500000e+01	2.800000e+01	1.400000e+01	3.500000e+01	1.500000e+01	1.200000e+01	1.000000e+01	9.000000e+00	1.300000e+01	1.500000e+01	1.800000e+01	1.100000e+01	1.500000e+01	2.100000e+01	1.200000e+01	1.100000e+01	1.200000e+01	1.500000e+01	1.300000e+01	3.600000e+01	1.900000e+01	3.300000e+01	2.700000e+01	1.300000e+01	2.500000e+01	5.900000e+01	1.200000e+01	7.500000e+01	1.700000e+01	3.400000e+01	1.200000e+01	1.500000e+01	3.200000e+01	7.900000e+01	2.000000e+01	2.600000e+01	2.200000e+01	2.000000e+01	2.100000e+01	1.200000e+01	2.600000e+01	1.900000e+01	3.600000e+01	1.100000e+01	3.200000e+01	2.400000e+01	4.000000e+01
5.000000e+00	9.000000e+00	1.200000e+01	7.000000e+00	6.000000e+00	8.000000e+00	1.300000e+01	1.300000e+01	1.900000e+01	1.400000e+01	1.700000e+01	1.470000e+02	4.800000e+01	2.000000e+01	2.000000e+01	1.600000e+01	2.300000e+01	3.400000e+01	9.000000e+00	2.000000e+01	3.900000e+01	2.200000e+01	1.400000e+01	1.900000e+01	9.000000e+00	7.000000e+00	9.000000e+00	1.100000e+01	1.500000e+01	1.400000e+01	1.900000e+01	1.400000e+01	1.200000e+01	1.000000e+01	1.400000e+01	9.000000e+00	2.000000e+01	1.500000e+01	1.400000e+01	1.700000e+01	2.100000e+01	1.000000e+01	1.600000e+01	5.000000e+01	5.000000e+01	3.200000e+01	2.900000e+01	2.800000e+01	2.600000e+01	3.100000e+01	9.000000e+00	3.200000e+01	1.400000e+01	1.900000e+01	4.000000e+01	2.300000e+01	3.500000e+01	2.800000e+01	1.700000e+01	2.800000e+01	1.700000e+01	2.500000e+01	4.200000e+01	4.100000e+01
1.100000e+01	1.300000e+01	1.000000e+01	1.100000e+01	1.600000e+01	1.100000e+01	1.100000e+01	1.200000e+01	1.600000e+01	1.000000e+01	1.300000e+01	1.800000e+01	2.600000e+01	1.600000e+01	2.700000e+01	2.300000e+01	1.800000e+01	5.800000e+01	3.800000e+01	7.800000e+01	2.000000e+01	3.100000e+01	1.300000e+01	1.300000e+01	2.200000e+01	1.500000e+01	1.000000e+01	1.200000e+01	1.500000e+01	1.400000e+01	1.100000e+01	1.000000e+01	1.200000e+01	1.500000e+01	1.600000e+01	1.300000e+01	3.700000e+01	3.100000e+01	3.900000e+01	1.700000e+01	3.200000e+01	2.400000e+01	2.000000e+01	3.800000e+01	3.100000e+01	2.500000e+01	2.800000e+01	2.200000e+01	3.600000e+01	1.400000e+01	6.900000e+01	3.000000e+01	3.500000e+01	4.800000e+01	1.700000e+01	2.200000e+01	3.700000e+01	1.500000e+01	1.900000e+01	1.900000e+01	1.100000e+01	1.500000e+01	1.400000e+01	3.200000e+01
8.000000e+00	1.600000e+01	1.800000e+01	1.300000e+01	1.000000e+01	2.400000e+01	1.000000e+01	1.900000e+01	1.500000e+01	1.800000e+01	2.000000e+01	1.400000e+01	1.600000e+01	1.800000e+01	2.300000e+01	3.400000e+01	2.300000e+01	1.500000e+01	2.100000e+01	3.400000e+01	2.100000e+01	2.600000e+01	5.000000e+00	2.300000e+01	2.000000e+01	1.300000e+01	1.700000e+01	9.000000e+00	1.200000e+01	1.300000e+01	1.500000e+01	1.000000e+01	1.100000e+01	1.600000e+01	1.500000e+01	1.100000e+01	3.300000e+01	2.300000e+01	2.000000e+01	2.300000e+01	1.800000e+01	1.800000e+01	1.100000e+01	1.600000e+01	2.100000e+01	1.000000e+01	2.000000e+01	2.900000e+01	1.800000e+01	1.900000e+01	4.500000e+01	3.400000e+01	1.700000e+01	1.000000e+01	1.200000e+01	1.900000e+01	1.300000e+01	3.200000e+01	1.600000e+01	3.300000e+01	1.900000e+01	2.000000e+01	3.700000e+01	2.000000e+01
4.000000e+00	1.400000e+01	1.600000e+01	7.000000e+00	1.600000e+01	1.800000e+01	1.100000e+01	1.000000e+01	1.200000e+01	1.400000e+01	3.100000e+01	1.400000e+01	1.600000e+01	2.900000e+01	3.000000e+01	2.100000e+01	2.000000e+01	3.000000e+01	3.900000e+01	2.500000e+01	4.300000e+01	2.200000e+01	2.800000e+01	5.300000e+01	3.500000e+01	2.500000e+01	2.000000e+01	1.400000e+01	7.000000e+00	1.600000e+01	1.300000e+01	1.000000e+01	1.200000e+01	1.500000e+01	1.600000e+01	1.400000e+01	1.100000e+01	2.100000e+01	3.400000e+01	7.500000e+01	1.700000e+01	1.500000e+01	2.600000e+01	6.000000e+01	2.300000e+01	3.500000e+01	1.700000e+01	2.800000e+01	2.500000e+01	2.300000e+01	4.100000e+01	6.600000e+01	3.100000e+01	4.100000e+01	4.600000e+01	1.800000e+01	1.500000e+01	2.100000e+01	3.400000e+01	2.500000e+01	1.800000e+01	4.500000e+01	3.100000e+01	3.900000e+01
1.200000e+01	9.000000e+00	1.200000e+01	9.000000e+00	1.300000e+01	4.000000e+00	1.300000e+01	2.700000e+01	1.500000e+01	1.300000e+01	2.800000e+01	1.700000e+01	2.200000e+01	1.500000e+01	3.000000e+01	2.600000e+01	1.500000e+01	8.000000e+00	3.200000e+01	2.400000e+01	2.000000e+01	1.800000e+01	3.700000e+01	2.000000e+01	2.500000e+01	2.900000e+01	3.500000e+01	2.400000e+01	2.400000e+01	1.800000e+01	1.500000e+01	1.500000e+01	1.100000e+01	1.400000e+01	1.000000e+01	1.000000e+01	1.000000e+01	1.900000e+01	5.700000e+01	5.100000e+01	2.400000e+01	1.900000e+01	2.300000e+01	9.000000e+00	1.200000e+01	4.300000e+01	2.400000e+01	1.800000e+01	2.600000e+01	1.500000e+01	1.700000e+01	1.100000e+01	1.300000e+01	2.700000e+01	1.200000e+01	3.000000e+01	2.300000e+01	3.000000e+01	1.900000e+01	1.200000e+01	2.800000e+01	3.400000e+01	2.100000e+01	4.100000e+01
1.300000e+01	1.200000e+01	1.200000e+01	1.500000e+01	1.000000e+01	1.500000e+01	1.500000e+01	1.000000e+01	1.300000e+01	1.500000e+01	2.700000e+01	1.400000e+01	3.700000e+01	1.200000e+01	2.700000e+01	1.400000e+01	8.000000e+00	2.700000e+01	2.800000e+01	2.600000e+01	1.600000e+01	3.000000e+01	9.000000e+00	1.300000e+01	1.100000e+01	2.100000e+01	2.500000e+01	7.500000e+01	1.500000e+01	1.300000e+01	1.700000e+01	1.100000e+01	1.100000e+01	1.000000e+01	1.300000e+01	1.500000e+01	1.400000e+01	1.800000e+01	5.800000e+01	2.800000e+01	3.600000e+01	2.600000e+01	2.500000e+01	1.200000e+01	1.900000e+01	5.200000e+01	1.900000e+01	1.700000e+01	2.300000e+01	1.700000e+01	6.000000e+01	5.500000e+01	3.200000e+01	1.100000e+01	2.500000e+01	1.600000e+01	1.700000e+01	1.100000e+01	1.900000e+01	2.400000e+01	4.000000e+01	2.300000e+01	1.800000e+01	2.200000e+01
1.200000e+01	1.400000e+01	1.100000e+01	1.100000e+01	1.500000e+01	1.100000e+01	1.100000e+01	6.000000e+00	2.400000e+01	1.000000e+01	3.100000e+01	2.500000e+01	2.100000e+01	2.900000e+01	6.100000e+01	1.400000e+01	4.400000e+01	7.600000e+01	2.700000e+01	2.800000e+01	1.300000e+01	3.000000e+01	2.600000e+01	1.600000e+01	1.600000e+01	2.100000e+01	4.900000e+01	2.700000e+01	2.800000e+01	1.300000e+01	8.000000e+00	7.000000e+00	1.000000e+01	8.000000e+00	1.200000e+01	1.900000e+01	1.200000e+01	1.600000e+01	2.000000e+01	1.600000e+01	3.100000e+01	5.000000e+01	2.400000e+01	2.800000e+01	1.500000e+01	2.200000e+01	4.300000e+01	2.900000e+01	4.400000e+01	5.600000e+01	3.500000e+01	4.800000e+01	4.100000e+01	2.900000e+01	1.800000e+01	5.100000e+01	6.700000e+01	7.000000e+00	3.200000e+01	1.600000e+01	4.100000e+01	1.500000e+01	2.900000e+01	3.500000e+01
1.300000e+01	1.500000e+01	1.100000e+01	8.000000e+00	9.000000e+00	9.000000e+00	1.500000e+01	9.000000e+00	1.300000e+01	1.100000e+01	3.300000e+01	1.200000e+01	5.300000e+01	2.200000e+01	1.100000e+01	9.000000e+00	4.200000e+01	3.100000e+01	2.800000e+01	2.500000e+01	4.400000e+01	1.500000e+01	4.400000e+01	4.000000e+01	2.600000e+01	4.200000e+01	4.600000e+01	2.600000e+01	6.400000e+01	2.100000e+01	1.100000e+01	7.000000e+00	1.000000e+01	9.000000e+00	1.300000e+01	1.900000e+01	3.100000e+01	2.900000e+01	2.600000e+01	1.900000e+01	3.300000e+01	1.400000e+01	1.500000e+01	2.200000e+01	1.300000e+01	3.100000e+01	3.300000e+01	3.000000e+01	2.900000e+01	5.800000e+01	1.200000e+01	1.800000e+01	3.900000e+01	2.300000e+01	2.300000e+01	3.500000e+01	9.000000e+00	1.600000e+01	2.300000e+01	1.600000e+01	4.100000e+01	2.000000e+01	1.700000e+01	2.100000e+01
1.600000e+01	7.000000e+00	1.100000e+01	1.200000e+01	3.000000e+00	1.500000e+01	1.600000e+01	9.000000e+00	5.000000e+00	1.200000e+01	1.800000e+01	2.400000e+01	2.000000e+01	3.500000e+01	1.700000e+01	2.700000e+01	7.000000e+00	4.100000e+01	2.000000e+01	1.700000e+01	1.300000e+01	1.700000e+01	2.500000e+01	2.300000e+01	2.900000e+01	1.600000e+01	3.700000e+01	4.100000e+01	2.500000e+01	1.100000e+01	1.700000e+01	1.500000e+01	1.000000e+01	1.600000e+01	1.400000e+01	1.700000e+01	1.600000e+01	1.900000e+01	7.700000e+01	9.000000e+00	3.200000e+01	1.800000e+01	4.000000e+01	1.900000e+01	2.300000e+01	1.200000e+01	1.700000e+01	7.900000e+01	1.800000e+01	4.800000e+01	2.800000e+01	7.200000e+01	1.300000e+01	2.600000e+01	7.700000e+01	3.000000e+01	3.000000e+01	1.500000e+01	3.500000e+01	1.500000e+01	4.200000e+01	4.700000e+01	5.400000e+01	1.700000e+01
1.100000e+01	1.000000e+01	1.200000e+01	9.000000e+00	1.000000e+01	1.400000e+01	8.000000e+00	1.200000e+01	1.100000e+01	1.400000e+01	1.300000e+01	1.700000e+01	1.900000e+01	2.300000e+01	3.100000e+01	1.900000e+01	1.100000e+01	3.400000e+01	4.100000e+01	1.400000e+01	1.900000e+01	1.800000e+01	1.100000e+01	1.170000e+02	9.000000e+00	4.900000e+01	2.300000e+01	3.900000e+01	2.600000e+01	1.400000e+01	1.100000e+01	8.000000e+00	1.200000e+01	1.200000e+01	9.000000e+00	1.300000e+01	4.500000e+01	2.500000e+01	1.400000e+01	1.500000e+01	3.500000e+01	1.500000e+01	6.000000e+01	3.300000e+01	1.300000e+01	6.300000e+01	8.100000e+01	1.100000e+01	4.000000e+01	4.200000e+01	5.500000e+01	8.000000e+00	1.900000e+01	4.700000e+01	2.600000e+01	6.600000e+01	1.500000e+01	1.800000e+01	2.000000e+01	2.100000e+01	2.100000e+01	1.500000e+01	7.100000e+01	2.500000e+01
6.000000e+00	2.000000e+01	8.000000e+00	2.400000e+01	1.500000e+01	8.000000e+00	1.400000e+01	1.200000e+01	1.300000e+01	1.100000e+01	2.100000e+01	2.100000e+01	9.000000e+00	2.000000e+01	2.200000e+01	1.000000e+01	1.300000e+01	1.600000e+01	1.300000e+01	7.700000e+01	2.600000e+01	1.400000e+01	2.700000e+01	1.100000e+01	2.900000e+01	4.100000e+01	9.000000e+00	1.700000e+01	4.500000e+01	1.900000e+01	1.700000e+01	1.100000e+01	1.300000e+01	1.200000e+01	1.400000e+01	1.800000e+01	1.900000e+01	1.800000e+01	9.600000e+01	3.000000e+01	1.900000e+01	3.300000e+01	1.800000e+01	3.600000e+01	1.100000e+01	4.000000e+01	7.000000e+01	1.200000e+01	2.600000e+01	1.900000e+01	5.800000e+01	2.500000e+01	1.900000e+01	5.200000e+01	3.100000e+01	1.100000e+01	3.700000e+01	6.000000e+01	2.000000e+01	1.400000e+01	3.100000e+01	2.600000e+01	2.300000e+01	2.000000e+01
9.000000e+00	1.200000e+01	1.300000e+01	1.500000e+01	1.500000e+01	1.100000e+01	1.500000e+01	1.300000e+01	1.100000e+01	1.500000e+01	2.300000e+01	4.300000e+01	2.100000e+01	9.000000e+00	1.800000e+01	1.700000e+01	1.300000e+01	1.200000e+01	3.300000e+01	2.200000e+01	1.600000e+01	7.900000e+01	3.200000e+01	5.200000e+01	6.400000e+01	2.200000e+01	1.200000e+01	1.700000e+01	2.300000e+01	2.300000e+01	1.900000e+01	1.200000e+01	7.000000e+00	1.600000e+01	1.600000e+01	2.500000e+01	1.100000e+01	3.600000e+01	3.800000e+01	1.500000e+01	5.400000e+01	1.400000e+01	2.200000e+01	2.700000e+01	3.600000e+01	1.600000e+01	3.600000e+01	2.800000e+01	1.100000e+01	1.600000e+01	1.240000e+02	3.500000e+01	1.000000e+01	2.700000e+01	5.200000e+01	1.900000e+01	3.900000e+01	2.700000e+01	2.300000e+01	1.700000e+01	2.000000e+01	5.800000e+01	2.000000e+01	1.100000e+01
1.300000e+01	1.300000e+01	6.000000e+00	1.400000e+01	1.800000e+01	1.200000e+01	8.000000e+00	1.000000e+01	7.000000e+00	1.000000e+01	1.500000e+01	1.700000e+01	1.100000e+01	2.200000e+01	1.600000e+01	1.400000e+01	1.500000e+01	2.100000e+01	1.500000e+01	2.600000e+01	2.500000e+01	1.900000e+01	2.800000e+01	1.900000e+01	3.500000e+01	2.400000e+01	1.300000e+01	2.800000e+01	2.700000e+01	2.200000e+01	1.200000e+01	1.900000e+01	9.000000e+00	1.500000e+01	1.900000e+01	1.400000e+01	1.800000e+01	2.400000e+01	1.800000e+01	5.500000e+01	2.500000e+01	1.300000e+01	2.700000e+01	1.400000e+01	1.400000e+01	1.600000e+01	1.600000e+01	2.100000e+01	3.100000e+01	2.100000e+01	2.900000e+01	2.600000e+01	1.000000e+01	3.300000e+01	2.500000e+01	5.100000e+01	2.800000e+01	2.200000e+01	1.300000e+01	1.500000e+01	1.100000e+01	1.600000e+01	2.600000e+01	2.100000e+01
1.000000e+01	1.500000e+01	1.200000e+01	1.100000e+01	7.000000e+00	1.300000e+01	1.200000e+01	6.000000e+00	8.000000e+00	1.900000e+01	1.200000e+01	1.600000e+01	1.000000e+01	1.200000e+01	2.700000e+01	1.400000e+01	3.600000e+01	1.400000e+01	1.100000e+01	1.100000e+01	9.200000e+01	5.300000e+01	5.200000e+01	3.400000e+01	1.700000e+01	2.000000e+01	1.400000e+01	1.300000e+01	2.100000e+01	7.000000e+00	9.000000e+00	1.800000e+01	2.000000e+01	1.100000e+01	1.300000e+01	1.200000e+01	1.500000e+01	3.100000e+01	2.500000e+01	3.100000e+01	1.800000e+01	2.900000e+01	5.700000e+01	4.900000e+01	1.600000e+01	1.200000e+01	2.500000e+01	1.400000e+01	1.700000e+01	8.000000e+00	3.200000e+01	2.800000e+01	1.400000e+01	2.500000e+01	2.500000e+01	1.600000e+01	1.600000e+01	2.700000e+01	2.300000e+01	2.500000e+01	1.600000e+01	1.300000e+01	1.500000e+01	1.300000e+01
1.300000e+01	1.000000e+01	8.000000e+00	8.000000e+00	1.100000e+01	8.000000e+00	7.000000e+00	1.400000e+01	7.000000e+00	1.600000e+01	1.200000e+01	1.600000e+01	2.600000e+01	2.200000e+01	1.200000e+01	1.200000e+01	2.200000e+01	6.000000e+00	1.600000e+01	1.900000e+01	2.000000e+01	1.000000e+01	3.900000e+01	9.400000e+01	6.000000e+01	4.700000e+01	2.900000e+01	1.600000e+01	2.900000e+01	3.000000e+01	7.000000e+00	7.000000e+00	1.600000e+01	1.000000e+01	2.000000e+01	1.400000e+01	1.200000e+01	5.100000e+01	1.200000e+01	4.300000e+01	5.100000e+01	1.000000e+01	1.700000e+01	2.400000e+01	1.200000e+01	1.000000e+01	1.800000e+01	1.100000e+01	1.800000e+01	2.200000e+01	3.100000e+01	2.500000e+01	2.000000e+01	1.200000e+01	1.300000e+01	1.900000e+01	1.800000e+01	4.000000e+01	1.300000e+01	3.100000e+01	1.600000e+01	1.400000e+01	1.700000e+01	1.300000e+01
2.000000e+01	8.000000e+00	1.300000e+01	1.400000e+01	1.200000e+01	1.400000e+01	1.400000e+01	1.000000e+01	1.500000e+01	1.100000e+01	2.400000e+01	1.700000e+01	1.500000e+01	2.500000e+01	1.200000e+01	1.700000e+01	1.700000e+01	1.500000e+01	1.300000e+01	1.100000e+01	1.100000e+01	9.000000e+00	3.200000e+01	1.900000e+01	1.400000e+01	2.800000e+01	4.900000e+01	1.400000e+01	1.000000e+01	1.000000e+01	1.300000e+01	1.600000e+01	1.500000e+01	1.300000e+01	1.500000e+01	1.700000e+01	3.200000e+01	3.300000e+01	1.500000e+01	7.800000e+01	3.600000e+01	3.200000e+01	2.100000e+01	2.500000e+01	1.500000e+01	1.900000e+01	5.900000e+01	1.600000e+01	1.700000e+01	1.700000e+01	3.200000e+01	1.200000e+01	2.500000e+01	1.700000e+01	1.100000e+01	3.800000e+01	1.000000e+01	2.500000e+01	5.800000e+01	1.600000e+01	3.300000e+01	2.500000e+01	2.100000e+01	3.100000e+01
8.000000e+00	1.700000e+01	6.000000e+00	1.400000e+01	1.500000e+01	1.000000e+01	7.000000e+00	1.300000e+01	1.300000e+01	1.200000e+01	1.700000e+01	2.900000e+01	1.900000e+01	1.600000e+01	2.600000e+01	2.300000e+01	1.700000e+01	2.900000e+01	2.100000e+01	2.600000e+01	1.700000e+01	2.900000e+01	1.900000e+01	4.200000e+01	8.300000e+01	4.200000e+01	2.500000e+01	4.200000e+01	9.000000e+00	1.300000e+01	9.000000e+00	1.600000e+01	1.300000e+01	1.900000e+01	1.900000e+01	2.200000e+01	2.100000e+01	1.500000e+01	1.800000e+01	5.000000e+01	2.600000e+01	7.300000e+01	3.300000e+01	1.400000e+01	2.300000e+01	2.100000e+01	1.700000e+01	5.400000e+01	2.300000e+01	2.100000e+01	1.900000e+01	2.400000e+01	1.300000e+01	2.900000e+01	1.700000e+01	3.200000e+01	5.300000e+01	4.700000e+01	3.300000e+01	2.900000e+01	2.600000e+01	1.400000e+01	1.800000e+01	2.000000e+01
1.100000e+01	1.400000e+01	9.000000e+00	1.100000e+01	1.400000e+01	1.300000e+01	1.300000e+01	1.100000e+01	4.000000e+00	1.400000e+01	8.000000e+00	1.900000e+01	2.400000e+01	1.700000e+01	1.200000e+01	2.600000e+01	3.200000e+01	4.100000e+01	1.100000e+01	2.300000e+01	3.200000e+01	3.700000e+01	3.400000e+01	1.900000e+01	3.200000e+01	2.100000e+01	2.700000e+01	2.300000e+01	2.600000e+01	1.400000e+01	1.100000e+01	1.500000e+01	1.500000e+01	1.100000e+01	1.200000e+01	1.300000e+01	1.200000e+01	1.090000e+02	1.700000e+01	3.300000e+01	5.100000e+01	2.200000e+01	3.100000e+01	2.900000e+01	4.800000e+01	1.400000e+01	1.700000e+01	2.600000e+01	2.200000e+01	4.200000e+01	2.700000e+01	1.200000e+01	2.000000e+01	2.800000e+01	1.800000e+01	1.100000e+01	1.800000e+01	2.300000e+01	4.400000e+01	1.800000e+01	4.900000e+01	1.700000e+01	1.000000e+01	1.300000e+01
7.000000e+00	7.000000e+00	1.100000e+01	1.000000e+01	1.200000e+01	1.400000e+01	1.400000e+01	1.000000e+01	1.200000e+01	1.200000e+01	1.500000e+01	1.300000e+01	1.300000e+01	2.400000e+01	3.200000e+01	2.900000e+01	5.900000e+01	1.500000e+01	1.900000e+01	2.600000e+01	1.400000e+01	1.100000e+01	2.800000e+01	2.000000e+01	4.500000e+01	4.500000e+01	5.700000e+01	2.900000e+01	2.200000e+01	1.700000e+01	1.300000e+01	1.000000e+01	1.600000e+01	1.200000e+01	1.300000e+01	2.300000e+01	3.100000e+01	1.400000e+01	2.400000e+01	2.300000e+01	3.500000e+01	3.500000e+01	3.500000e+01	2.200000e+01	2.600000e+01	2.700000e+01	2.000000e+01	2.300000e+01	1.200000e+02	3.000000e+01	2.500000e+01	2.700000e+01	9.000000e+00	1.000000e+01	2.600000e+01	2.400000e+01	1.600000e+01	2.700000e+01	2.800000e+01	3.000000e+01	3.800000e+01	2.100000e+01	2.000000e+01	1.600000e+01
7.000000e+00	9.000000e+00	1.700000e+01	1.500000e+01	2.100000e+01	1.600000e+01	9.000000e+00	2.000000e+01	1.400000e+01	2.000000e+01	2.300000e+01	2.300000e+01	1.600000e+01	2.900000e+01	1.500000e+01	1.700000e+01	2.700000e+01	2.800000e+01	3.400000e+01	9.000000e+00	4.100000e+01	3.000000e+01	2.100000e+01	2.100000e+01	3.200000e+01	1.700000e+01	1.500000e+01	1.200000e+01	1.600000e+01	1.700000e+01	1.100000e+01	1.400000e+01	1.400000e+01	1.700000e+01	1.400000e+01	2.000000e+01	3.000000e+01	2.300000e+01	1.400000e+01	6.000000e+01	1.700000e+01	2.500000e+01	2.700000e+01	2.100000e+01	5.200000e+01	1.200000e+01	1.900000e+01	1.000000e+01	1.600000e+01	2.400000e+01	1.400000e+01	1.000000e+01	2.500000e+01	4.300000e+01	8.000000e+00	2.000000e+01	1.100000e+01	1.800000e+01	1.600000e+01	3.100000e+01	2.000000e+01	1.100000e+01	1.700000e+01	1.900000e+01
7.000000e+00	8.000000e+00	1.400000e+01	1.400000e+01	1.400000e+01	9.000000e+00	1.700000e+01	1.200000e+01	1.000000e+01	1.200000e+01	7.000000e+00	1.800000e+01	1.000000e+01	1.800000e+01	2.700000e+01	1.700000e+01	1.500000e+01	2.100000e+01	1.100000e+01	3.400000e+01	1.700000e+01	1.400000e+01	1.600000e+01	1.900000e+01	2.800000e+01	4.100000e+01	4.000000e+01	1.300000e+01	3.100000e+01	1.300000e+01	1.400000e+01	1.500000e+01	1.300000e+01	1.500000e+01	2.000000e+01	2.400000e+01	1.400000e+01	1.900000e+01	4.100000e+01	3.500000e+01	1.400000e+01	1.400000e+01	4.900000e+01	2.800000e+01	1.900000e+01	2.400000e+01	1.500000e+01	1.100000e+01	3.100000e+01	9.000000e+00	3.200000e+01	2.100000e+01	1.100000e+01	1.100000e+01	2.000000e+01	2.800000e+01	1.700000e+01	2.800000e+01	1.300000e+01	1.900000e+01	2.300000e+01	1.800000e+01	1.900000e+01	1.100000e+01
1.600000e+01	1.100000e+01	8.000000e+00	9.000000e+00	1.500000e+01	1.100000e+01	9.000000e+00	6.000000e+00	1.800000e+01	1.400000e+01	1.100000e+01	1.600000e+01	1.300000e+01	1.900000e+01	1.500000e+01	5.100000e+01	1.300000e+01	2.100000e+01	3.000000e+01	8.000000e+00	2.000000e+01	1.100000e+01	1.900000e+01	1.500000e+01	1.700000e+01	4.000000e+01	1.400000e+01	2.800000e+01	4.100000e+01	2.200000e+01	1.300000e+01	1.400000e+01	9.000000e+00	2.100000e+01	1.100000e+01	1.400000e+01	2.900000e+01	1.300000e+01	2.100000e+01	4.700000e+01	1.100000e+01	1.800000e+01	1.700000e+01	1.600000e+01	1.600000e+01	9.000000e+00	1.800000e+01	3.400000e+01	3.500000e+01	2.800000e+01	4.500000e+01	2.600000e+01	4.500000e+01	1.100000e+01	2.300000e+01	1.800000e+01	1.900000e+01	1.600000e+01	4.100000e+01	2.300000e+01	1.200000e+01	6.000000e+00	1.900000e+01	7.000000e+00
1.500000e+01	1.200000e+01	8.000000e+00	8.000000e+00	5.000000e+00	1.400000e+01	9.000000e+00	1.600000e+01	1.300000e+01	1.100000e+01	9.000000e+00	1.800000e+01	8.000000e+00	1.300000e+01	2.300000e+01	2.000000e+01	1.900000e+01	4.200000e+01	2.000000e+01	3.300000e+01	2.700000e+01	4.600000e+01	1.900000e+01	1.300000e+01	1.900000e+01	9.000000e+00	3.600000e+01	9.000000e+00	3.600000e+01	1.900000e+01	1.000000e+01	1.500000e+01	1.500000e+01	1.500000e+01	1.300000e+01	1.600000e+01	8.000000e+00	2.700000e+01	2.300000e+01	2.700000e+01	6.000000e+00	3.000000e+01	1.300000e+01	4.400000e+01	1.600000e+01	1.900000e+01	7.800000e+01	3.400000e+01	5.700000e+01	4.200000e+01	1.300000e+01	2.000000e+01	2.800000e+01	2.000000e+01	1.000000e+01	2.300000e+01	2.000000e+01	1.200000e+01	2.000000e+01	1.400000e+01	1.200000e+01	3.000000e+00	1.800000e+01	9.000000e+00
6.000000e+00	7.000000e+00	1.200000e+01	9.000000e+00	1.300000e+01	9.000000e+00	1.800000e+01	1.100000e+01	5.000000e+00	1.400000e+01	9.000000e+00	1.100000e+01	1.300000e+01	1.800000e+01	1.200000e+01	3.900000e+01	1.300000e+01	1.600000e+01	3.500000e+01	1.700000e+01	1.100000e+01	3.000000e+01	7.000000e+00	1.200000e+01	1.100000e+01	3.100000e+01	1.200000e+01	3.100000e+01	1.900000e+01	1.500000e+01	1.600000e+01	1.600000e+01	9.000000e+00	1.500000e+01	1.300000e+01	1.600000e+01	3.000000e+01	1.800000e+01	1.500000e+01	1.500000e+01	1.500000e+01	1.500000e+01	1.300000e+01	1.300000e+01	2.600000e+01	2.700000e+01	1.500000e+01	2.100000e+01	1.600000e+01	6.900000e+01	5.200000e+01	3.900000e+01	3.500000e+01	2.500000e+01	1.200000e+01	1.600000e+01	1.300000e+01	1.300000e+01	1.700000e+01	1.900000e+01	1.700000e+01	8.000000e+00	1.300000e+01	1.600000e+01
1.400000e+01	1.000000e+01	1.300000e+01	8.000000e+00	1.900000e+01	1.200000e+01	1.200000e+01	2.100000e+01	1.200000e+01	6.000000e+00	7.000000e+00	1.400000e+01	5.000000e+00	3.100000e+01	1.900000e+01	2.100000e+01	1.700000e+01	1.000000e+01	1.700000e+01	2.100000e+01	1.100000e+01	9.000000e+00	2.200000e+01	2.100000e+01	1.900000e+01	2.500000e+01	1.100000e+01	1.200000e+01	1.900000e+01	1.500000e+01	1.100000e+01	8.000000e+00	8.000000e+00	1.600000e+01	1.400000e+01	1.400000e+01	2.700000e+01	2.000000e+01	2.000000e+01	3.100000e+01	1.500000e+01	2.400000e+01	1.300000e+01	1.200000e+01	1.300000e+01	3.400000e+01	1.300000e+01	1.300000e+01	1.600000e+01	3.000000e+01	2.500000e+01	1.000000e+01	2.100000e+01	1.400000e+01	1.500000e+01	3.100000e+01	1.100000e+01	8.000000e+00	1.200000e+01	1.500000e+01	1.800000e+01	1.400000e+01	8.000000e+00	1.300000e+01
1.900000e+01	7.000000e+00	1.500000e+01	1.600000e+01	1.400000e+01	7.000000e+00	1.000000e+01	1.200000e+01	1.200000e+01	1.400000e+01	1.500000e+01	1.300000e+01	1.400000e+01	1.600000e+01	1.500000e+01	1.400000e+01	2.800000e+01	1.400000e+01	1.900000e+01	1.700000e+01	2.600000e+01	1.500000e+01	1.400000e+01	1.500000e+01	1.300000e+01	3.100000e+01	1.300000e+01	1.500000e+01	2.800000e+01	1.400000e+01	1.300000e+01	1.200000e+01	1.000000e+01	1.500000e+01	1.900000e+01	1.200000e+01	2.000000e+01	2.100000e+01	1.900000e+01	1.300000e+01	1.600000e+01	2.400000e+01	8.000000e+00	1.400000e+01	1.200000e+01	6.000000e+00	2.300000e+01	2.600000e+01	8.000000e+00	1.900000e+01	1.300000e+01	2.300000e+01	1.500000e+01	1.500000e+01	1.000000e+01	3.500000e+01	1.600000e+01	1.100000e+01	1.900000e+01	1.900000e+01	1.500000e+01	1.000000e+01	1.200000e+01	1.200000e+01
1.000000e+01	1.000000e+01	1.400000e+01	1.300000e+01	1.600000e+01	8.000000e+00	1.400000e+01	7.000000e+00	7.000000e+00	1.700000e+01	7.000000e+00	1.200000e+01	1.500000e+01	8.000000e+00	8.000000e+00	1.100000e+01	1.500000e+01	8.000000e+00	1.700000e+01	1.600000e+01	1.800000e+01	3.700000e+01	3.100000e+01	2.400000e+01	1.900000e+01	2.200000e+01	1.700000e+01	2.100000e+01	9.000000e+00	1.100000e+01	9.000000e+00	1.400000e+01	1.300000e+01	1.400000e+01	1.500000e+01	1.600000e+01	3.600000e+01	2.700000e+01	1.200000e+01	1.500000e+01	7.000000e+00	2.200000e+01	2.800000e+01	1.200000e+01	1.000000e+01	2.500000e+01	8.000000e+00	1.600000e+01	1.300000e+01	1.700000e+01	2.500000e+01	2.000000e+01	5.000000e+00	9.000000e+00	5.200000e+01	1.000000e+01	1.300000e+01	2.600000e+01	1.700000e+01	1.700000e+01	1.800000e+01	1.200000e+01	9.000000e+00	9.000000e+00
1.000000e+01	1.000000e+01	5.000000e+00	7.000000e+00	1.000000e+01	2.100000e+01	1.000000e+01	1.800000e+01	1.500000e+01	2.100000e+01	1.300000e+01	1.100000e+01	1.400000e+01	1.200000e+01	1.900000e+01	1.400000e+01	1.200000e+01	1.600000e+01	1.000000e+01	2.400000e+01	2.400000e+01	1.200000e+01	1.400000e+01	1.900000e+01	2.600000e+01	1.900000e+01	2.800000e+01	2.100000e+01	1.100000e+01	1.500000e+01	1.300000e+01	1.100000e+01	1.700000e+01	1.300000e+01	2.100000e+01	1.300000e+01	2.800000e+01	2.300000e+01	3.400000e+01	2.300000e+01	1.100000e+01	1.600000e+01	1.000000e+01	1.000000e+01	1.400000e+01	1.700000e+01	1.600000e+01	1.200000e+01	2.300000e+01	1.300000e+01	2.800000e+01	2.200000e+01	1.900000e+01	1.000000e+01	1.300000e+01	1.900000e+01	1.300000e+01	1.700000e+01	9.000000e+00	9.000000e+00	1.000000e+01	1.500000e+01	1.200000e+01	7.000000e+00
8.000000e+00	1.200000e+01	1.000000e+01	1.000000e+01	1.600000e+01	1.200000e+01	1.700000e+01	1.600000e+01	1.500000e+01	1.300000e+01	1.100000e+01	1.300000e+01	1.500000e+01	1.200000e+01	1.800000e+01	1.400000e+01	2.000000e+01	1.300000e+01	2.200000e+01	1.000000e+01	1.600000e+01	3.200000e+01	1.800000e+01	1.500000e+01	1.600000e+01	1.000000e+01	1.500000e+01	1.200000e+01	1.200000e+01	1.300000e+01	8.000000e+00	1.300000e+01	1.200000e+01	1.500000e+01	1.200000e+01	2.200000e+01	1.300000e+01	1.500000e+01	1.900000e+01	2.200000e+01	2.000000e+01	1.900000e+01	1.600000e+01	1.200000e+01	1.200000e+01	1.400000e+01	1.200000e+01	1.300000e+01	2.600000e+01	2.600000e+01	1.500000e+01	1.300000e+01	1.700000e+01	1.400000e+01	5.100000e+01	1.100000e+01	1.000000e+01	1.200000e+01	8.000000e+00	1.600000e+01	1.100000e+01	1.300000e+01	1.300000e+01	1.200000e+01
1.600000e+01	1.300000e+01	8.000000e+00	8.000000e+00	1.000000e+01	1.000000e+01	1.500000e+01	1.200000e+01	7.000000e+00	1.600000e+01	1.600000e+01	7.000000e+00	1.300000e+01	9.000000e+00	1.100000e+01	1.300000e+01	1.000000e+01	2.100000e+01	1.100000e+01	1.900000e+01	1.200000e+01	4.000000e+01	1.300000e+01	3.700000e+01	1.900000e+01	3.300000e+01	2.400000e+01	3.200000e+01	1.400000e+01	1.100000e+01	1.200000e+01	1.100000e+01	9.000000e+00	1.700000e+01	8.000000e+00	2.200000e+01	2.100000e+01	3.100000e+01	2.200000e+01	1.700000e+01	1.600000e+01	2.800000e+01	3.900000e+01	1.200000e+01	1.500000e+01	1.900000e+01	4.000000e+00	1.600000e+01	4.600000e+01	1.300000e+01	1.500000e+01	1.800000e+01	1.500000e+01	4.400000e+01	2.200000e+01	1.200000e+01	8.000000e+00	1.000000e+01	7.000000e+00	7.000000e+00	1.400000e+01	1.500000e+01	6.000000e+00	1.300000e+01
1.000000e+01	1.600000e+01	1.100000e+01	1.100000e+01	1.300000e+01	9.000000e+00	1.900000e+01	1.600000e+01	1.200000e+01	1.400000e+01	1.300000e+01	9.000000e+00	1.300000e+01	1.500000e+01	9.000000e+00	1.400000e+01	1.600000e+01	1.200000e+01	1.600000e+01	1.500000e+01	9.000000e+00	1.100000e+01	2.300000e+01	4.000000e+01	2.600000e+01	1.000000e+01	1.500000e+01	2.600000e+01	1.100000e+01	1.000000e+01	2.800000e+01	2.300000e+01	1.600000e+01	7.000000e+00	1.400000e+01	1.900000e+01	1.400000e+01	1.300000e+01	2.800000e+01	1.300000e+01	1.600000e+01	1.100000e+01	1.700000e+01	1.600000e+01	2.600000e+01	1.900000e+01	9.000000e+00	1.900000e+01	1.700000e+01	2.700000e+01	2.700000e+01	1.800000e+01	1.000000e+01	1.400000e+01	2.000000e+01	1.300000e+01	1.000000e+01	1.200000e+01	1.400000e+01	1.400000e+01	1.100000e+01	1.500000e+01	1.400000e+01	9.000000e+00
8.000000e+00	1.800000e+01	1.500000e+01	6.000000e+00	1.200000e+01	1.300000e+01	7.000000e+00	7.000000e+00	1.500000e+01	1.300000e+01	1.400000e+01	8.000000e+00	1.900000e+01	1.400000e+01	1.200000e+01	1.100000e+01	1.000000e+01	1.600000e+01	7.000000e+00	1.700000e+01	1.600000e+01	1.700000e+01	1.900000e+01	1.200000e+01	1.800000e+01	2.500000e+01	2.900000e+01	1.800000e+01	1.000000e+01	1.400000e+01	1.200000e+01	1.100000e+01	9.000000e+00	1.500000e+01	8.000000e+00	1.500000e+01	1.800000e+01	1.800000e+01	1.600000e+01	7.000000e+00	1.400000e+01	2.600000e+01	1.800000e+01	2.200000e+01	1.300000e+01	1.000000e+01	3.300000e+01	3.200000e+01	2.200000e+01	1.200000e+01	1.500000e+01	1.300000e+01	1.000000e+01	1.600000e+01	1.500000e+01	1.000000e+01	1.400000e+01	7.000000e+00	1.400000e+01	6.000000e+00	9.000000e+00	9.000000e+00	1.200000e+01	1.300000e+01

