# Shape: 1 64 64
# comment: Скан кусочка карты. Шаг по Z 50 мкм
# metadata: {'created': '2026-08-07T11_12_39', 'description': '3D scan'}
# name: 10
# parameters: {'Np_slice': 4096, 'Np_total': 4096, 'Np_x': 64, 'Np_y': 64, 'Np_z': 1, 'accum_time': 10, 'step_x': 1024, 'step_y': 1024, 'step_z': 1024, 'x1': 0, 'x2': 65535, 'y1': 0, 'y2': 65535, 'z1': 0, 'z2': 0}
# units: {'accum_time_ms': 'ms', 'cord': 'LSB'}
# === DATA START ===
1.200000e+01	1.700000e+01	1.400000e+01	2.200000e+01	2.400000e+01	1.300000e+01	2.500000e+01	1.400000e+01	2.100000e+01	1.200000e+01	2.000000e+01	1.300000e+01	1.800000e+01	2.000000e+01	2.000000e+01	1.900000e+01	3.000000e+01	2.200000e+01	2.600000e+01	2.800000e+01	3.700000e+01	2.200000e+01	2.800000e+01	5.700000e+01	3.400000e+01	3.500000e+01	1.000000e+02	8.700000e+01	4.000000e+01	6.900000e+01	4.900000e+01	3.100000e+01	6.000000e+01	5.400000e+01	3.800000e+01	3.600000e+01	7.600000e+01	5.300000e+01	9.600000e+01	4.200000e+01	8.500000e+01	2.500000e+01	8.700000e+01	2.900000e+01	1.000000e+02	5.400000e+01	2.300000e+01	2.100000e+01	4.200000e+01	3.400000e+01	3.000000e+01	1.400000e+01	2.100000e+01	1.400000e+01	1.600000e+01	2.100000e+01	1.800000e+01	2.200000e+01	1.500000e+01	1.600000e+01	2.500000e+01	1.900000e+01	1.900000e+01	1.000000e+01
9.000000e+00	1.800000e+01	1.500000e+01	1.100000e+01	1.800000e+01	1.700000e+01	1.700000e+01	1.700000e+01	1.700000e+01	2.000000e+01	9.000000e+00	1.100000e+01	1.500000e+01	1.500000e+01	1.600000e+01	1.500000e+01	1.500000e+01	2.500000e+01	2.300000e+01	2.500000e+01	3.100000e+01	2.100000e+01	2.800000e+01	1.900000e+01	1.060000e+02	2.700000e+01	7.400000e+01	6.700000e+01	3.100000e+01	7.000000e+01	5.600000e+01	7.200000e+01	2.400000e+01	6.000000e+01	6.800000e+01	3.400000e+01	3.000000e+01	1.700000e+01	4.500000e+01	4.700000e+01	1.400000e+01	4.500000e+01	5.800000e+01	1.260000e+02	3.300000e+01	4.200000e+01	4.400000e+01	6.900000e+01	2.000000e+01	1.800000e+01	1.500000e+01	2.800000e+01	2.100000e+01	2.200000e+01	1.500000e+01	1.200000e+01	1.800000e+01	1.200000e+01	1.800000e+01	1.600000e+01	1.600000e+01	1.500000e+01	2.600000e+01	1.200000e+01
1.400000e+01	1.700000e+01	1.500000e+01	1.900000e+01	2.000000e+01	2.500000e+01	1.800000e+01	1.600000e+01	9.000000e+00	1.600000e+01	1.500000e+01	1.400000e+01	1.500000e+01	2.000000e+01	1.100000e+01	1.800000e+01	2.700000e+01	2.800000e+01	2.100000e+01	3.100000e+01	2.400000e+01	3.200000e+01	1.180000e+02	5.000000e+01	1.900000e+01	1.700000e+01	1.900000e+01	1.150000e+02	1.500000e+01	3.100000e+01	2.800000e+01	6.700000e+01	2.500000e+01	2.600000e+01	2.800000e+01	1.270000e+02	3.200000e+01	2.820000e+02	2.100000e+01	2.100000e+01	2.300000e+01	4.700000e+01	6.900000e+01	1.350000e+02	4.700000e+01	2.800000e+01	7.300000e+01	2.800000e+01	2.200000e+01	2.500000e+01	1.600000e+01	1.900000e+01	3.400000e+01	4.500000e+01	2.000000e+01	8.000000e+00	1.100000e+01	1.400000e+01	8.000000e+00	2.300000e+01	1.600000e+01	1.800000e+01	1.800000e+01	1.800000e+01
1.200000e+01	2.400000e+01	1.500000e+01	1.400000e+01	1.600000e+01	1.500000e+01	1.500000e+01	1.900000e+01	1.700000e+01	2.000000e+01	2.000000e+01	1.200000e+01	2.200000e+01	1.300000e+01	1.700000e+01	3.700000e+01	2.100000e+01	8.900000e+01	2.200000e+01	4.500000e+01	9.500000e+01	2.600000e+01	2.060000e+02	8.600000e+01	3.000000e+01	1.380000e+02	9.800000e+01	9.100000e+01	1.010000e+02	1.270000e+02	3.100000e+01	2.000000e+01	6.300000e+01	5.200000e+01	2.100000e+01	5.000000e+01	5.000000e+01	3.500000e+01	3.900000e+01	3.700000e+01	2.500000e+01	8.200000e+01	5.100000e+01	5.000000e+01	5.500000e+01	8.800000e+01	1.800000e+01	1.900000e+01	3.600000e+01	6.600000e+01	2.400000e+01	3.400000e+01	2.100000e+01	3.100000e+01	1.900000e+01	1.500000e+01	9.000000e+00	2.100000e+01	2.300000e+01	2.300000e+01	2.500000e+01	2.000000e+01	1.400000e+01	1.500000e+01
9.000000e+00	1.200000e+01	1.000000e+01	1.600000e+01	2.500000e+01	1.500000e+01	1.400000e+01	1.400000e+01	1.500000e+01	2.100000e+01	1.900000e+01	2.300000e+01	1.800000e+01	7.000000e+00	1.500000e+01	2.900000e+01	4.400000e+01	3.100000e+01	2.700000e+01	5.200000e+01	3.600000e+01	2.590000e+02	3.300000e+01	1.130000e+02	2.600000e+01	1.800000e+01	7.400000e+01	7.100000e+01	3.600000e+01	9.000000e+01	5.700000e+01	5.500000e+01	1.050000e+02	7.700000e+01	4.300000e+01	8.100000e+01	2.200000e+01	2.800000e+01	7.100000e+01	9.900000e+01	3.000000e+01	1.030000e+02	7.200000e+01	1.700000e+01	5.800000e+01	1.600000e+01	3.200000e+01	6.100000e+01	2.200000e+01	4.300000e+01	2.700000e+01	5.700000e+01	6.900000e+01	1.040000e+02	1.150000e+02	5.300000e+01	2.400000e+01	2.000000e+01	1.500000e+01	2.600000e+01	1.600000e+01	1.700000e+01	8.000000e+00	1.700000e+01
1.200000e+01	2.100000e+01	1.100000e+01	1.900000e+01	2.100000e+01	1.400000e+01	1.400000e+01	1.300000e+01	1.400000e+01	2.200000e+01	1.900000e+01	2.800000e+01	1.800000e+01	1.400000e+01	1.600000e+01	3.100000e+01	1.900000e+01	9.000000e+01	1.000000e+02	6.000000e+01	3.500000e+01	1.340000e+02	5.500000e+01	4.400000e+01	3.300000e+01	5.700000e+01	2.400000e+01	1.160000e+02	8.400000e+01	4.400000e+01	2.700000e+01	1.170000e+02	2.900000e+01	1.100000e+02	4.600000e+01	2.000000e+01	2.830000e+02	5.000000e+01	1.600000e+01	2.300000e+01	1.400000e+01	5.600000e+01	2.300000e+01	4.400000e+01	5.100000e+01	4.100000e+01	2.100000e+01	3.400000e+01	2.800000e+02	4.700000e+01	2.100000e+01	4.200000e+01	4.400000e+01	6.200000e+01	5.400000e+01	2.600000e+01	7.300000e+01	4.300000e+01	1.400000e+01	1.400000e+01	1.300000e+01	2.400000e+01	1.000000e+01	1.600000e+01
2.000000e+01	1.800000e+01	1.500000e+01	1.200000e+01	2.000000e+01	1.400000e+01	1.400000e+01	1.400000e+01	2.100000e+01	1.500000e+01	1.200000e+01	2.500000e+01	1.400000e+01	2.800000e+01	1.500000e+01	2.300000e+01	1.500000e+01	9.700000e+01	7.000000e+01	2.000000e+01	9.900000e+01	3.000000e+01	1.560000e+02	2.000000e+01	2.100000e+01	2.600000e+01	2.500000e+01	6.600000e+01	1.500000e+01	1.080000e+02	1.200000e+02	5.300000e+01	2.500000e+01	5.600000e+01	2.500000e+01	2.300000e+01	4.100000e+01	6.100000e+01	3.900000e+01	3.200000e+01	2.300000e+01	7.600000e+01	1.520000e+02	5.600000e+01	9.700000e+01	1.520000e+02	2.800000e+01	2.200000e+01	5.700000e+01	3.900000e+01	6.800000e+01	5.000000e+01	6.200000e+01	1.550000e+02	4.900000e+01	4.400000e+01	2.300000e+01	1.900000e+01	1.500000e+01	1.600000e+01	2.300000e+01	1.300000e+01	2.000000e+01	1.300000e+01
1.500000e+01	1.800000e+01	1.500000e+01	1.600000e+01	1.500000e+01	1.800000e+01	2.600000e+01	2.500000e+01	1.200000e+01	1.700000e+01	2.900000e+01	2.100000e+01	1.300000e+01	2.800000e+01	3.400000e+01	1.300000e+01	7.600000e+01	2.500000e+01	5.800000e+01	6.600000e+01	1.500000e+01	3.900000e+01	1.500000e+01	1.900000e+01	8.800000e+01	3.900000e+01	4.500000e+01	2.800000e+01	2.600000e+01	2.200000e+01	2.200000e+02	5.900000e+01	8.200000e+01	2.700000e+01	4.300000e+01	2.000000e+01	7.500000e+01	2.600000e+01	2.100000e+01	3.000000e+01	4.300000e+01	1.180000e+02	3.200000e+01	1.900000e+01	3.400000e+01	1.300000e+01	6.300000e+01	4.700000e+01	6.400000e+01	1.600000e+01	8.200000e+01	2.300000e+01	5.200000e+01	4.100000e+01	8.300000e+01	5.500000e+01	3.200000e+01	1.020000e+02	2.600000e+01	2.300000e+01	9.000000e+00	1.900000e+01	1.600000e+01	2.600000e+01
1.300000e+01	2.700000e+01	1.000000e+01	1.400000e+01	1.500000e+01	1.900000e+01	1.000000e+01	2.000000e+01	1.100000e+01	1.700000e+01	1.900000e+01	1.500000e+01	1.100000e+01	2.300000e+01	1.900000e+01	5.000000e+01	2.300000e+01	5.800000e+01	1.260000e+02	4.000000e+01	3.600000e+01	3.600000e+01	3.400000e+01	1.400000e+02	1.800000e+01	1.800000e+01	4.700000e+01	8.000000e+01	3.500000e+01	5.900000e+01	3.500000e+01	6.800000e+01	3.700000e+01	1.600000e+01	2.400000e+01	3.700000e+01	1.900000e+01	5.200000e+01	4.900000e+01	6.600000e+01	2.300000e+01	2.000000e+01	7.600000e+01	2.500000e+01	1.900000e+01	1.800000e+01	5.500000e+01	1.000000e+02	8.900000e+01	1.730000e+02	3.600000e+01	6.900000e+01	3.600000e+01	4.000000e+01	3.700000e+01	1.300000e+01	2.100000e+01	4.200000e+01	3.000000e+01	6.900000e+01	2.700000e+01	1.600000e+01	1.900000e+01	2.000000e+01
1.400000e+01	1.700000e+01	1.900000e+01	1.400000e+01	1.600000e+01	2.200000e+01	1.500000e+01	1.400000e+01	2.100000e+01	2.700000e+01	1.500000e+01	2.400000e+01	2.600000e+01	8.000000e+00	3.900000e+01	3.200000e+01	4.400000e+01	1.620000e+02	2.400000e+01	1.130000e+02	4.600000e+01	2.900000e+01	4.300000e+01	4.800000e+01	2.400000e+01	1.820000e+02	5.800000e+01	4.300000e+01	6.700000e+01	6.100000e+01	1.600000e+01	4.400000e+01	6.600000e+01	7.700000e+01	4.600000e+01	2.600000e+01	1.600000e+01	4.300000e+01	5.100000e+01	1.080000e+02	2.500000e+01	1.570000e+02	1.430000e+02	7.500000e+01	2.200000e+01	2.800000e+01	1.010000e+02	8.700000e+01	6.800000e+01	4.000000e+01	8.200000e+01	5.000000e+01	2.600000e+01	7.000000e+01	5.600000e+01	6.000000e+01	6.200000e+01	3.700000e+01	1.050000e+02	5.300000e+01	2.400000e+01	1.900000e+01	1.000000e+01	7.000000e+00
1.800000e+01	1.700000e+01	1.500000e+01	1.800000e+01	1.500000e+01	2.100000e+01	1.200000e+01	1.900000e+01	2.200000e+01	2.100000e+01	1.700000e+01	2.100000e+01	2.900000e+01	1.400000e+01	3.000000e+01	2.600000e+01	4.700000e+01	3.800000e+01	2.900000e+01	6.800000e+01	7.500000e+01	3.300000e+01	1.400000e+01	1.480000e+02	1.270000e+02	3.100000e+01	3.100000e+01	4.200000e+01	3.100000e+01	2.400000e+02	1.800000e+01	3.100000e+01	1.010000e+02	1.080000e+02	2.600000e+01	3.900000e+01	8.900000e+01	5.200000e+01	4.000000e+01	4.600000e+01	2.700000e+01	2.800000e+01	3.000000e+01	1.500000e+01	7.500000e+01	2.400000e+01	1.280000e+02	2.200000e+01	8.600000e+01	6.500000e+01	2.800000e+01	5.800000e+01	2.400000e+01	3.000000e+01	1.430000e+02	3.560000e+02	3.100000e+01	3.700000e+01	7.000000e+01	3.700000e+01	3.400000e+01	2.200000e+01	1.800000e+01	1.000000e+01
9.000000e+00	1.400000e+01	1.400000e+01	9.000000e+00	1.200000e+01	1.700000e+01	2.300000e+01	1.700000e+01	2.400000e+01	2.200000e+01	1.100000e+01	2.900000e+01	2.300000e+01	1.900000e+01	4.400000e+01	6.400000e+01	1.100000e+01	2.000000e+01	5.400000e+01	3.100000e+01	4.200000e+01	5.600000e+01	3.500000e+01	1.370000e+02	4.100000e+01	6.500000e+01	1.600000e+01	2.200000e+01	8.400000e+01	1.660000e+02	2.900000e+01	7.700000e+01	3.000000e+01	7.400000e+01	1.400000e+01	3.700000e+01	8.300000e+01	4.100000e+01	7.800000e+01	3.800000e+01	5.200000e+01	2.800000e+01	1.770000e+02	1.130000e+02	5.800000e+01	1.400000e+01	2.900000e+01	1.900000e+01	2.700000e+01	8.100000e+01	1.900000e+01	3.300000e+01	3.100000e+01	6.600000e+01	2.300000e+01	1.790000e+02	1.200000e+02	6.200000e+01	2.900000e+01	5.000000e+01	7.100000e+01	1.900000e+01	1.100000e+01	1.500000e+01
1.800000e+01	1.300000e+01	4.000000e+00	1.600000e+01	1.600000e+01	1.200000e+01	1.800000e+01	1.300000e+01	1.200000e+01	2.000000e+01	1.800000e+01	3.200000e+01	2.800000e+01	5.300000e+01	1.900000e+01	1.500000e+01	7.100000e+01	9.100000e+01	6.700000e+01	2.700000e+01	5.000000e+01	6.800000e+01	4.500000e+01	2.800000e+01	1.010000e+02	2.400000e+01	4.500000e+01	2.200000e+01	6.500000e+01	1.830000e+02	1.700000e+01	4.500000e+01	2.000000e+01	1.410000e+02	3.600000e+01	2.900000e+01	9.000000e+01	5.100000e+01	9.200000e+01	8.200000e+01	1.100000e+02	7.500000e+01	9.900000e+01	1.500000e+01	3.000000e+01	6.000000e+01	2.200000e+01	2.400000e+01	8.700000e+01	3.200000e+01	2.500000e+01	3.300000e+01	4.700000e+01	7.000000e+01	6.700000e+01	2.500000e+01	1.700000e+01	3.300000e+01	2.400000e+01	1.700000e+01	5.000000e+01	2.100000e+01	1.800000e+01	1.800000e+01
1.300000e+01	1.500000e+01	1.000000e+01	2.700000e+01	1.700000e+01	1.300000e+01	9.000000e+00	8.000000e+00	1.600000e+01	3.500000e+01	1.400000e+01	2.200000e+01	1.600000e+01	2.200000e+01	1.090000e+02	3.200000e+01	1.450000e+02	5.000000e+01	4.100000e+01	6.900000e+01	9.700000e+01	6.300000e+01	2.600000e+01	2.700000e+01	3.800000e+01	3.700000e+01	5.100000e+01	3.400000e+01	4.000000e+01	2.400000e+01	2.400000e+01	2.000000e+01	1.290000e+02	9.900000e+01	5.700000e+01	3.900000e+01	6.300000e+01	2.800000e+01	2.800000e+01	5.300000e+01	3.700000e+01	9.000000e+01	7.300000e+01	9.100000e+01	3.500000e+01	2.900000e+01	2.900000e+01	9.300000e+01	3.900000e+01	3.300000e+01	6.100000e+01	2.700000e+01	4.200000e+01	2.800000e+01	2.900000e+01	6.300000e+01	9.500000e+01	5.400000e+01	4.800000e+01	2.300000e+01	1.700000e+01	2.000000e+01	4.900000e+01	2.200000e+01
1.700000e+01	1.100000e+01	1.600000e+01	1.600000e+01	1.300000e+01	1.300000e+01	1.900000e+01	1.500000e+01	2.200000e+01	1.100000e+01	3.500000e+01	2.000000e+01	2.500000e+01	2.900000e+01	2.000000e+01	1.900000e+01	9.100000e+01	6.100000e+01	5.600000e+01	5.400000e+01	4.100000e+01	2.600000e+01	7.200000e+01	6.200000e+01	8.200000e+01	3.800000e+01	1.400000e+01	2.500000e+01	8.800000e+01	1.700000e+01	1.800000e+01	2.900000e+01	3.900000e+01	2.690000e+02	2.400000e+01	2.300000e+01	4.800000e+01	1.410000e+02	4.300000e+01	3.600000e+01	4.500000e+01	8.700000e+01	9.900000e+01	7.200000e+01	2.300000e+01	4.200000e+01	1.960000e+02	3.500000e+01	1.260000e+02	7.600000e+01	6.400000e+01	2.100000e+01	4.800000e+01	3.100000e+01	9.600000e+01	3.700000e+01	3.000000e+01	5.800000e+01	6.000000e+01	4.500000e+01	2.160000e+02	1.000000e+01	1.300000e+01	2.400000e+01
1.700000e+01	3.200000e+01	8.000000e+00	1.300000e+01	1.200000e+01	1.200000e+01	1.400000e+01	1.100000e+01	2.300000e+01	1.300000e+01	1.400000e+01	1.600000e+01	4.100000e+01	2.400000e+01	3.700000e+01	1.160000e+02	9.600000e+01	8.000000e+01	8.500000e+01	7.900000e+01	4.700000e+01	1.490000e+02	3.700000e+01	5.000000e+01	1.200000e+01	1.280000e+02	3.900000e+01	8.400000e+01	4.500000e+01	4.400000e+01	2.570000e+02	1.090000e+02	3.500000e+01	8.100000e+01	4.500000e+01	1.240000e+02	1.090000e+02	8.900000e+01	2.200000e+01	6.200000e+01	3.900000e+01	3.500000e+01	2.900000e+01	8.700000e+01	1.800000e+01	2.800000e+01	5.300000e+01	4.300000e+01	5.500000e+01	6.600000e+01	8.700000e+01	8.500000e+01	2.500000e+01	4.800000e+01	3.100000e+01	4.900000e+01	4.700000e+01	2.000000e+01	1.170000e+02	4.100000e+01	3.100000e+01	3.200000e+01	5.700000e+01	3.000000e+01
1.600000e+01	1.400000e+01	1.400000e+01	1.300000e+01	1.400000e+01	1.600000e+01	1.700000e+01	1.300000e+01	2.300000e+01	1.900000e+01	2.700000e+01	2.200000e+01	2.000000e+01	6.900000e+01	6.200000e+01	1.050000e+02	4.100000e+01	7.400000e+01	4.100000e+01	4.200000e+01	2.600000e+01	3.700000e+01	8.000000e+01	9.300000e+01	3.500000e+01	7.200000e+01	9.800000e+01	6.000000e+01	8.900000e+01	7.200000e+01	7.800000e+01	3.500000e+01	1.290000e+02	9.500000e+01	1.800000e+01	7.400000e+01	5.000000e+01	5.600000e+01	2.200000e+01	5.600000e+01	2.700000e+01	6.400000e+01	2.000000e+01	9.000000e+01	8.100000e+01	2.200000e+01	2.100000e+01	2.300000e+01	6.500000e+01	6.200000e+01	7.100000e+01	9.100000e+01	9.500000e+01	5.800000e+01	2.600000e+01	3.300000e+01	2.800000e+01	1.960000e+02	6.700000e+01	1.600000e+01	5.100000e+01	7.900000e+01	2.600000e+01	1.900000e+01
1.700000e+01	1.900000e+01	1.400000e+01	2.000000e+01	1.100000e+01	1.900000e+01	1.400000e+01	2.100000e+01	1.900000e+01	1.700000e+01	1.900000e+01	1.700000e+01	3.600000e+01	1.800000e+01	2.290000e+02	8.600000e+01	7.000000e+01	1.580000e+02	2.500000e+01	1.100000e+02	5.400000e+01	4.500000e+01	1.700000e+01	5.800000e+01	4.900000e+01	3.000000e+01	2.000000e+01	3.400000e+01	3.000000e+01	4.900000e+01	1.300000e+02	2.020000e+02	7.000000e+00	4.700000e+01	2.100000e+01	3.900000e+01	1.530000e+02	3.400000e+01	1.630000e+02	4.600000e+01	3.600000e+01	6.400000e+01	5.600000e+01	2.700000e+01	1.300000e+01	2.200000e+01	1.700000e+01	5.900000e+01	6.000000e+01	1.000000e+02	1.700000e+01	1.650000e+02	2.300000e+01	5.600000e+01	2.100000e+01	4.800000e+01	5.600000e+01	4.300000e+01	2.000000e+01	1.900000e+01	2.000000e+01	1.360000e+02	2.300000e+01	8.000000e+01
1.100000e+01	1.300000e+01	1.200000e+01	7.000000e+00	1.500000e+01	1.300000e+01	1.400000e+01	1.500000e+01	1.800000e+01	1.300000e+01	1.800000e+01	3.800000e+01	3.300000e+01	4.700000e+01	9.000000e+01	6.400000e+01	3.100000e+01	4.400000e+01	1.900000e+01	6.200000e+01	1.600000e+01	3.500000e+01	5.500000e+01	6.700000e+01	8.300000e+01	7.500000e+01	7.300000e+01	5.800000e+01	3.580000e+02	7.400000e+01	2.700000e+01	5.900000e+01	7.000000e+01	1.800000e+01	4.600000e+01	7.100000e+01	2.700000e+01	2.800000e+01	1.520000e+02	9.400000e+01	4.200000e+01	8.700000e+01	2.250000e+02	2.100000e+01	5.400000e+01	7.100000e+01	3.700000e+01	3.800000e+01	5.500000e+01	1.750000e+02	3.100000e+01	3.600000e+01	3.700000e+01	5.600000e+01	5.900000e+01	1.030000e+02	5.700000e+01	1.900000e+01	3.900000e+01	3.200000e+01	4.500000e+01	5.600000e+01	5.100000e+01	1.360000e+02
1.900000e+01	1.900000e+01	1.400000e+01	1.300000e+01	1.600000e+01	1.100000e+01	1.100000e+01	2.100000e+01	1.000000e+01	2.800000e+01	1.900000e+01	2.000000e+01	1.370000e+02	3.500000e+01	2.300000e+01	1.290000e+02	2.420000e+02	6.500000e+01	9.800000e+01	1.420000e+02	7.100000e+01	1.100000e+02	2.000000e+01	1.210000e+02	4.900000e+01	3.500000e+01	3.200000e+01	4.700000e+01	2.800000e+01	4.700000e+01	2.680000e+02	2.400000e+01	1.700000e+01	3.700000e+01	2.400000e+01	1.170000e+02	1.140000e+02	3.900000e+01	5.200000e+01	5.600000e+01	3.800000e+01	8.100000e+01	2.200000e+01	2.070000e+02	3.000000e+01	2.500000e+01	6.800000e+01	7.900000e+01	1.520000e+02	1.210000e+02	3.600000e+01	7.800000e+01	6.600000e+01	1.660000e+02	1.440000e+02	9.300000e+01	6.400000e+01	2.300000e+01	5.200000e+01	5.500000e+01	1.390000e+02	2.800000e+01	7.700000e+01	4.200000e+01
1.100000e+01	1.500000e+01	1.800000e+01	1.400000e+01	1.900000e+01	1.700000e+01	2.300000e+01	2.000000e+01	1.900000e+01	1.500000e+01	9.000000e+00	2.400000e+01	3.300000e+01	3.600000e+01	2.600000e+01	4.600000e+01	5.800000e+01	1.020000e+02	1.400000e+01	1.060000e+02	3.800000e+01	3.500000e+01	6.700000e+01	9.100000e+01	1.800000e+01	1.270000e+02	6.400000e+01	3.500000e+01	2.500000e+01	3.800000e+01	1.600000e+01	3.900000e+01	4.400000e+01	3.300000e+01	3.700000e+01	3.300000e+01	5.200000e+01	2.200000e+01	3.000000e+01	2.400000e+01	2.200000e+01	8.300000e+01	3.100000e+01	1.300000e+01	2.600000e+01	3.700000e+01	4.700000e+01	9.600000e+01	7.000000e+01	4.300000e+01	2.800000e+01	5.600000e+01	1.270000e+02	5.100000e+01	4.100000e+01	1.290000e+02	1.440000e+02	3.610000e+02	2.130000e+02	2.200000e+01	1.640000e+02	1.000000e+02	4.400000e+01	3.400000e+01
1.900000e+01	6.000000e+00	1.300000e+01	2.000000e+01	2.200000e+01	1.500000e+01	1.800000e+01	1.700000e+01	1.700000e+01	1.400000e+01	1.600000e+01	2.000000e+01	2.500000e+01	3.000000e+01	2.700000e+01	1.200000e+02	1.700000e+02	1.270000e+02	9.400000e+01	3.000000e+01	4.200000e+01	3.200000e+01	1.800000e+01	4.100000e+01	3.900000e+01	4.000000e+01	1.060000e+02	8.300000e+01	6.900000e+01	2.700000e+01	7.300000e+01	3.000000e+01	4.700000e+01	2.500000e+01	7.400000e+01	2.400000e+01	2.400000e+01	9.100000e+01	7.400000e+01	2.000000e+01	3.800000e+01	1.900000e+01	5.900000e+01	2.000000e+01	4.300000e+01	5.700000e+01	4.300000e+01	1.500000e+01	3.400000e+01	2.100000e+01	2.060000e+02	2.300000e+01	9.500000e+01	3.200000e+01	4.600000e+01	3.700000e+01	6.700000e+01	5.100000e+01	2.000000e+01	1.070000e+02	2.600000e+01	5.600000e+01	2.900000e+01	5.100000e+01
2.600000e+01	1.500000e+01	1.900000e+01	1.100000e+01	1.000000e+01	8.000000e+00	1.600000e+01	1.800000e+01	1.300000e+01	8.000000e+00	1.300000e+01	1.800000e+01	1.300000e+01	1.400000e+01	2.200000e+01	2.400000e+01	3.000000e+01	4.200000e+01	4.400000e+01	1.900000e+01	2.400000e+01	8.600000e+01	2.000000e+01	3.800000e+01	2.900000e+01	2.040000e+02	2.700000e+01	1.900000e+01	1.070000e+02	8.800000e+01	4.900000e+01	3.300000e+01	2.000000e+01	2.700000e+01	5.900000e+01	4.700000e+01	2.200000e+01	6.300000e+01	2.800000e+01	5.000000e+01	2.100000e+01	2.100000e+01	1.800000e+01	8.900000e+01	4.100000e+01	5.800000e+01	2.000000e+01	3.400000e+01	3.000000e+01	3.000000e+01	2.000000e+01	2.500000e+01	4.000000e+01	1.500000e+01	3.000000e+01	3.500000e+01	3.100000e+01	7.100000e+01	4.900000e+01	3.200000e+01	5.200000e+01	4.600000e+01	3.300000e+01	5.800000e+01
1.800000e+01	2.000000e+01	1.600000e+01	1.900000e+01	1.200000e+01	1.100000e+01	1.500000e+01	1.500000e+01	2.000000e+01	2.100000e+01	1.700000e+01	9.000000e+00	2.400000e+01	1.800000e+01	1.800000e+01	2.100000e+01	1.700000e+01	2.000000e+01	2.200000e+01	2.000000e+01	2.000000e+01	2.200000e+01	2.100000e+01	1.900000e+01	3.400000e+01	6.100000e+01	4.600000e+01	2.600000e+01	1.900000e+01	1.070000e+02	4.300000e+01	2.900000e+01	7.200000e+01	2.700000e+01	1.180000e+02	5.800000e+01	1.360000e+02	2.000000e+01	1.140000e+02	3.600000e+01	7.700000e+01	3.300000e+01	3.800000e+01	2.500000e+01	2.600000e+01	8.300000e+01	8.000000e+01	1.210000e+02	5.300000e+01	2.700000e+01	4.200000e+01	3.000000e+01	3.100000e+01	1.180000e+02	9.200000e+01	3.800000e+01	1.420000e+02	1.600000e+01	9.400000e+01	3.700000e+01	8.400000e+01	1.340000e+02	4.200000e+01	6.400000e+01
1.100000e+01	1.600000e+01	1.200000e+01	1.800000e+01	1.200000e+01	1.300000e+01	1.500000e+01	1.900000e+01	2.200000e+01	1.700000e+01	2.200000e+01	1.900000e+01	9.000000e+00	1.800000e+01	1.400000e+01	1.500000e+01	2.300000e+01	1.700000e+01	1.700000e+01	1.700000e+01	1.900000e+01	1.600000e+01	1.700000e+01	1.300000e+01	1.700000e+01	1.700000e+01	2.300000e+01	1.700000e+01	2.800000e+01	1.000000e+01	1.100000e+01	3.600000e+01	5.000000e+01	7.100000e+01	8.200000e+01	4.700000e+01	1.690000e+02	5.900000e+01	3.500000e+01	4.300000e+01	4.400000e+01	4.200000e+01	1.270000e+02	3.400000e+01	5.700000e+01	5.700000e+01	5.600000e+01	2.300000e+01	1.600000e+01	5.500000e+01	7.400000e+01	4.600000e+01	4.100000e+01	6.400000e+01	7.800000e+01	1.010000e+02	7.700000e+01	2.200000e+01	3.500000e+01	1.760000e+02	8.700000e+01	3.600000e+01	7.700000e+01	2.600000e+01
1.800000e+01	1.800000e+01	2.200000e+01	1.700000e+01	1.700000e+01	1.800000e+01	1.900000e+01	2.000000e+01	1.800000e+01	1.800000e+01	1.700000e+01	1.700000e+01	1.800000e+01	1.600000e+01	2.200000e+01	2.600000e+01	2.200000e+01	1.900000e+01	1.800000e+01	2.500000e+01	1.900000e+01	1.700000e+01	2.100000e+01	1.600000e+01	2.400000e+01	7.000000e+00	2.000000e+01	1.900000e+01	1.400000e+01	1.700000e+01	2.000000e+01	2.600000e+01	1.600000e+01	2.200000e+01	3.200000e+01	5.400000e+01	3.600000e+01	1.450000e+02	3.000000e+01	2.600000e+01	2.600000e+01	1.700000e+01	4.400000e+01	2.300000e+01	3.100000e+01	1.140000e+02	2.700000e+01	9.000000e+01	2.800000e+01	2.500000e+01	5.000000e+01	8.500000e+01	7.000000e+01	3.000000e+01	3.600000e+01	3.500000e+01	1.770000e+02	3.800000e+01	1.800000e+01	6.800000e+01	8.100000e+01	2.500000e+01	2.400000e+01	2.400000e+01
1.500000e+01	1.300000e+01	1.500000e+01	2.600000e+01	1.500000e+01	1.600000e+01	1.900000e+01	1.500000e+01	1.100000e+01	2.000000e+01	1.500000e+01	1.100000e+01	2.100000e+01	1.800000e+01	1.800000e+01	1.600000e+01	1.000000e+01	1.900000e+01	2.100000e+01	1.900000e+01	1.300000e+01	2.000000e+01	1.700000e+01	1.500000e+01	1.600000e+01	2.200000e+01	2.400000e+01	1.800000e+01	1.400000e+01	2.000000e+01	2.500000e+01	2.500000e+01	9.000000e+00	2.800000e+01	3.200000e+01	1.000000e+01	3.600000e+01	2.700000e+01	6.000000e+01	9.800000e+01	4.700000e+01	1.600000e+01	2.900000e+01	3.500000e+01	4.600000e+01	2.600000e+01	4.400000e+01	3.900000e+01	2.800000e+01	2.800000e+01	4.600000e+01	3.200000e+01	3.600000e+01	2.900000e+01	5.500000e+01	2.700000e+01	1.290000e+02	2.600000e+01	6.600000e+01	5.700000e+01	3.500000e+01	1.900000e+01	4.600000e+01	1.630000e+02
1.800000e+01	2.800000e+01	2.100000e+01	1.900000e+01	2.100000e+01	1.800000e+01	2.500000e+01	1.700000e+01	2.500000e+01	1.900000e+01	1.200000e+01	1.500000e+01	1.900000e+01	1.200000e+01	2.000000e+01	2.100000e+01	2.900000e+01	2.600000e+01	1.600000e+01	1.800000e+01	2.000000e+01	1.800000e+01	1.400000e+01	2.100000e+01	1.300000e+01	9.000000e+00	1.700000e+01	2.000000e+01	1.200000e+01	1.200000e+01	1.800000e+01	2.300000e+01	1.700000e+01	1.600000e+01	1.400000e+01	1.040000e+02	5.200000e+01	5.400000e+01	2.800000e+01	4.100000e+01	1.400000e+01	3.900000e+01	3.100000e+01	5.400000e+01	1.750000e+02	3.800000e+01	4.800000e+01	4.700000e+01	1.900000e+01	3.300000e+01	4.400000e+01	4.300000e+01	1.450000e+02	6.600000e+01	1.000000e+02	6.600000e+01	2.500000e+01	5.900000e+01	1.600000e+01	7.100000e+01	8.800000e+01	4.300000e+01	6.500000e+01	7.300000e+01
1.100000e+01	1.600000e+01	1.900000e+01	1.600000e+01	1.200000e+01	2.100000e+01	3.500000e+01	1.600000e+01	2.300000e+01	5.600000e+01	1.200000e+01	1.200000e+01	1.700000e+01	3.700000e+01	1.800000e+01	1.500000e+01	2.100000e+01	3.000000e+01	1.700000e+01	2.000000e+01	1.300000e+01	2.000000e+01	2.800000e+01	2.300000e+01	2.400000e+01	2.000000e+01	2.200000e+01	1.000000e+01	2.000000e+01	1.200000e+01	1.900000e+01	1.900000e+01	1.800000e+01	1.800000e+01	1.300000e+01	1.600000e+01	2.800000e+01	2.900000e+01	4.400000e+01	1.000000e+02	7.200000e+01	3.600000e+01	4.300000e+01	5.600000e+01	9.400000e+01	3.600000e+01	8.600000e+01	1.370000e+02	3.500000e+01	2.470000e+02	3.600000e+01	2.000000e+01	2.700000e+01	3.100000e+01	1.040000e+02	1.480000e+02	1.230000e+02	6.000000e+01	9.900000e+01	5.800000e+01	3.600000e+01	3.300000e+01	7.000000e+01	2.400000e+01
1.100000e+01	1.500000e+01	1.700000e+01	1.800000e+01	1.400000e+01	2.600000e+01	2.200000e+01	1.700000e+01	1.800000e+01	3.300000e+01	2.700000e+01	1.800000e+01	1.440000e+02	5.600000e+01	2.000000e+01	2.500000e+01	1.900000e+01	1.300000e+01	1.800000e+01	1.500000e+01	1.800000e+01	2.500000e+01	2.200000e+01	2.900000e+01	2.100000e+01	1.900000e+01	2.400000e+01	3.800000e+01	2.100000e+01	2.000000e+01	2.100000e+01	2.400000e+01	1.700000e+01	1.400000e+01	1.500000e+01	1.900000e+01	8.200000e+01	5.000000e+01	1.110000e+02	4.200000e+01	1.120000e+02	2.800000e+01	3.600000e+01	4.300000e+01	3.500000e+01	5.100000e+01	8.200000e+01	1.800000e+01	2.400000e+01	4.800000e+01	1.240000e+02	2.700000e+01	7.200000e+01	5.700000e+01	6.200000e+01	7.000000e+01	6.600000e+01	8.700000e+01	2.900000e+01	5.200000e+01	8.500000e+01	2.600000e+01	1.000000e+02	9.300000e+01
1.600000e+01	1.600000e+01	1.500000e+01	1.800000e+01	1.900000e+01	1.300000e+01	2.000000e+01	1.500000e+01	1.400000e+01	3.500000e+01	3.500000e+01	2.100000e+01	6.900000e+01	4.200000e+01	1.420000e+02	1.160000e+02	3.100000e+01	3.800000e+01	2.800000e+01	1.900000e+01	1.300000e+01	1.900000e+01	2.200000e+01	1.000000e+01	1.900000e+01	1.800000e+01	1.400000e+01	2.000000e+01	1.500000e+01	1.400000e+01	2.200000e+01	1.900000e+01	2.200000e+01	1.900000e+01	2.100000e+01	1.400000e+01	4.200000e+01	5.600000e+01	2.500000e+01	6.000000e+01	2.300000e+01	2.900000e+01	7.900000e+01	6.100000e+01	4.000000e+01	3.300000e+01	3.900000e+01	4.000000e+01	2.800000e+01	1.800000e+01	4.800000e+01	3.400000e+01	4.400000e+01	1.640000e+02	3.500000e+01	3.100000e+01	1.760000e+02	4.700000e+01	1.210000e+02	2.900000e+01	5.900000e+01	4.900000e+01	6.800000e+01	1.230000e+02
1.400000e+01	1.800000e+01	1.800000e+01	1.600000e+01	2.100000e+01	2.000000e+01	1.200000e+01	1.500000e+01	1.500000e+01	1.800000e+01	2.200000e+01	2.600000e+01	4.100000e+01	4.100000e+01	8.700000e+01	4.000000e+01	5.300000e+01	1.410000e+02	4.800000e+01	3.200000e+01	8.000000e+00	1.300000e+01	2.400000e+01	1.500000e+01	2.200000e+01	2.700000e+01	2.400000e+01	2.200000e+01	2.400000e+01	2.800000e+01	2.200000e+01	1.400000e+01	1.500000e+01	1.900000e+01	1.400000e+01	2.000000e+01	9.300000e+01	6.400000e+01	8.700000e+01	4.000000e+01	1.150000e+02	5.000000e+01	3.500000e+01	7.800000e+01	4.100000e+01	2.600000e+01	9.600000e+01	4.000000e+01	3.200000e+01	8.600000e+01	3.800000e+01	5.500000e+01	1.900000e+01	6.300000e+01	5.300000e+01	6.100000e+01	7.300000e+01	2.300000e+01	5.900000e+01	1.350000e+02	3.700000e+01	1.500000e+01	3.400000e+01	2.400000e+01
2.200000e+01	1.800000e+01	2.300000e+01	1.400000e+01	1.000000e+01	1.400000e+01	3.300000e+01	2.000000e+01	2.900000e+01	1.200000e+01	2.500000e+01	9.100000e+01	2.500000e+01	9.400000e+01	3.700000e+01	1.340000e+02	1.280000e+02	1.300000e+01	2.300000e+01	2.600000e+01	2.400000e+01	1.100000e+01	2.400000e+01	2.200000e+01	1.900000e+01	2.200000e+01	6.000000e+00	2.400000e+01	2.200000e+01	9.000000e+00	1.900000e+01	2.400000e+01	3.000000e+01	1.900000e+01	1.800000e+01	1.400000e+01	4.300000e+01	1.230000e+02	7.500000e+01	3.900000e+01	5.200000e+01	2.200000e+01	1.610000e+02	1.230000e+02	4.100000e+01	1.980000e+02	4.400000e+01	4.900000e+01	5.600000e+01	3.400000e+01	2.500000e+01	6.700000e+01	8.300000e+01	3.700000e+01	2.600000e+01	5.700000e+01	3.600000e+01	3.500000e+01	1.500000e+01	3.100000e+01	7.200000e+01	3.000000e+01	1.250000e+02	4.000000e+01
1.600000e+01	8.000000e+00	1.900000e+01	9.000000e+00	1.400000e+01	1.900000e+01	2.800000e+01	2.000000e+01	2.100000e+01	1.800000e+01	2.000000e+01	4.200000e+01	6.800000e+01	5.000000e+01	1.490000e+02	8.900000e+01	9.000000e+01	3.900000e+01	4.600000e+01	9.100000e+01	7.600000e+01	3.600000e+01	1.800000e+01	1.200000e+01	1.600000e+01	1.700000e+01	2.000000e+01	1.300000e+01	1.900000e+01	2.300000e+01	1.200000e+01	2.300000e+01	1.900000e+01	2.100000e+01	1.900000e+01	1.700000e+01	2.300000e+01	2.450000e+02	2.400000e+01	3.800000e+01	3.200000e+01	4.400000e+01	5.200000e+01	3.400000e+01	3.600000e+01	5.900000e+01	3.000000e+01	1.800000e+01	3.100000e+01	7.500000e+01	9.900000e+01	1.480000e+02	6.000000e+01	2.600000e+01	1.230000e+02	4.300000e+01	4.800000e+01	3.600000e+01	1.600000e+01	5.100000e+01	5.900000e+01	6.800000e+01	3.000000e+01	3.200000e+01
1.600000e+01	1.300000e+01	1.800000e+01	1.900000e+01	1.300000e+01	1.200000e+01	2.200000e+01	1.700000e+01	2.200000e+01	2.800000e+01	6.100000e+01	1.900000e+01	6.900000e+01	4.900000e+01	3.700000e+01	5.200000e+01	4.600000e+01	2.010000e+02	2.600000e+01	2.800000e+01	7.300000e+01	3.300000e+01	2.800000e+01	2.200000e+01	3.200000e+01	1.600000e+01	1.400000e+01	1.200000e+01	1.400000e+01	2.800000e+01	1.500000e+01	1.500000e+01	2.600000e+01	1.500000e+01	1.700000e+01	1.800000e+01	1.600000e+01	2.300000e+01	3.800000e+01	3.100000e+01	3.200000e+01	2.800000e+01	2.800000e+01	3.800000e+01	5.500000e+01	5.500000e+01	4.700000e+01	2.500000e+01	2.700000e+01	7.300000e+01	2.100000e+01	1.070000e+02	1.800000e+01	5.300000e+01	1.200000e+02	6.200000e+01	3.800000e+01	9.500000e+01	4.400000e+01	2.100000e+01	3.510000e+02	3.100000e+01	1.700000e+01	3.100000e+01
1.400000e+01	1.600000e+01	2.200000e+01	1.600000e+01	1.800000e+01	1.900000e+01	1.600000e+01	2.300000e+01	2.000000e+01	2.000000e+01	3.700000e+01	4.200000e+01	1.800000e+01	9.200000e+01	4.900000e+01	4.700000e+01	1.840000e+02	3.100000e+01	4.600000e+01	1.150000e+02	5.500000e+01	3.200000e+01	1.050000e+02	4.400000e+01	9.500000e+01	1.900000e+01	3.600000e+01	1.300000e+01	2.000000e+01	1.600000e+01	2.400000e+01	2.500000e+01	2.100000e+01	1.000000e+01	1.000000e+01	2.000000e+01	1.400000e+01	2.900000e+01	8.900000e+01	2.400000e+01	2.500000e+01	3.400000e+01	4.400000e+01	3.400000e+01	6.500000e+01	3.000000e+01	1.060000e+02	3.400000e+01	5.400000e+01	4.300000e+01	1.450000e+02	1.900000e+01	3.400000e+01	3.100000e+01	4.200000e+01	2.500000e+01	4.100000e+01	9.300000e+01	6.800000e+01	6.500000e+01	9.600000e+01	1.210000e+02	3.600000e+01	3.200000e+01
1.300000e+01	1.100000e+01	2.100000e+01	1.900000e+01	1.900000e+01	1.700000e+01	2.600000e+01	1.600000e+01	7.000000e+00	2.900000e+01	2.900000e+01	3.100000e+01	6.500000e+01	3.200000e+01	2.500000e+01	2.600000e+01	4.900000e+01	2.200000e+01	2.500000e+01	3.800000e+01	5.700000e+01	1.000000e+01	3.500000e+01	3.800000e+01	3.300000e+01	2.200000e+01	1.530000e+02	4.600000e+01	2.100000e+01	2.400000e+01	2.200000e+01	1.400000e+01	3.000000e+01	1.400000e+01	1.900000e+01	9.000000e+00	1.700000e+01	1.400000e+01	1.500000e+01	2.900000e+01	2.800000e+01	2.100000e+01	5.100000e+01	4.600000e+01	2.300000e+01	4.100000e+01	1.700000e+01	9.200000e+01	3.600000e+01	4.900000e+01	2.500000e+01	6.500000e+01	7.900000e+01	4.800000e+01	1.300000e+01	6.300000e+01	3.400000e+01	1.400000e+01	2.100000e+01	1.600000e+01	7.800000e+01	5.200000e+01	3.500000e+01	2.800000e+01
1.900000e+01	1.300000e+01	1.500000e+01	1.800000e+01	1.700000e+01	1.900000e+01	2.300000e+01	2.000000e+01	1.800000e+01	1.600000e+01	2.700000e+01	2.800000e+01	1.500000e+01	7.200000e+01	9.100000e+01	2.300000e+01	9.300000e+01	5.200000e+01	2.700000e+01	1.300000e+01	2.600000e+01	4.200000e+01	3.100000e+01	4.300000e+01	1.810000e+02	1.050000e+02	1.220000e+02	2.700000e+01	2.300000e+01	2.400000e+01	1.400000e+01	2.200000e+01	1.500000e+01	1.700000e+01	1.200000e+01	1.800000e+01	1.400000e+01	1.170000e+02	1.500000e+01	8.100000e+01	1.360000e+02	1.900000e+01	3.600000e+01	8.400000e+01	3.400000e+01	3.600000e+01	1.800000e+01	7.700000e+01	1.800000e+01	6.000000e+01	5.600000e+01	3.900000e+01	4.700000e+01	4.600000e+01	2.500000e+01	2.200000e+01	2.000000e+01	4.600000e+01	1.700000e+01	3.100000e+01	2.010000e+02	2.200000e+01	7.600000e+01	7.800000e+01
1.400000e+01	1.700000e+01	2.100000e+01	1.100000e+01	1.300000e+01	2.000000e+01	1.500000e+01	1.700000e+01	2.600000e+01	3.700000e+01	5.100000e+01	5.000000e+01	2.100000e+01	4.500000e+01	2.500000e+01	4.300000e+01	3.000000e+01	4.500000e+01	2.500000e+01	5.800000e+01	2.800000e+01	4.200000e+01	1.800000e+01	2.000000e+01	8.000000e+01	7.800000e+01	2.600000e+01	3.000000e+01	5.300000e+01	2.400000e+01	8.000000e+00	1.300000e+01	1.700000e+01	1.700000e+01	1.700000e+01	1.900000e+01	2.500000e+01	7.200000e+01	3.800000e+01	6.800000e+01	4.200000e+01	7.700000e+01	4.500000e+01	2.100000e+01	2.800000e+01	1.600000e+01	3.500000e+01	5.900000e+01	1.670000e+02	2.900000e+01	2.900000e+01	4.700000e+01	8.100000e+01	2.200000e+01	5.500000e+01	3.400000e+01	1.300000e+02	3.400000e+01	3.000000e+01	2.820000e+02	2.000000e+01	2.200000e+01	1.450000e+02	1.930000e+02
1.600000e+01	2.200000e+01	1.300000e+01	1.400000e+01	9.000000e+00	1.800000e+01	2.200000e+01	1.300000e+01	3.000000e+01	2.400000e+01	5.300000e+01	3.000000e+01	1.800000e+01	3.300000e+01	3.300000e+01	3.400000e+01	6.700000e+01	1.300000e+01	3.800000e+01	1.900000e+01	2.200000e+01	4.100000e+01	2.600000e+01	5.000000e+01	5.500000e+01	6.900000e+01	2.800000e+01	8.200000e+01	1.800000e+01	1.500000e+01	2.100000e+01	1.800000e+01	1.200000e+01	1.700000e+01	1.900000e+01	2.300000e+01	3.000000e+01	4.000000e+01	1.500000e+01	3.400000e+01	4.200000e+01	1.300000e+01	6.400000e+01	2.300000e+01	9.800000e+01	2.300000e+01	3.600000e+01	2.300000e+01	3.100000e+01	3.800000e+01	2.700000e+01	4.000000e+01	5.200000e+01	1.600000e+01	6.400000e+01	1.800000e+01	9.400000e+01	2.500000e+01	7.500000e+01	7.500000e+01	6.300000e+01	6.500000e+01	2.830000e+02	4.900000e+01
1.700000e+01	1.400000e+01	1.400000e+01	1.300000e+01	1.300000e+01	2.000000e+01	2.000000e+01	9.000000e+00	3.200000e+01	1.900000e+01	2.500000e+01	1.000000e+02	2.400000e+01	1.100000e+02	1.540000e+02	4.400000e+01	1.800000e+01	3.700000e+01	1.290000e+02	2.400000e+01	6.400000e+01	2.300000e+01	4.200000e+01	4.600000e+01	6.700000e+01	1.000000e+01	1.400000e+01	6.600000e+01	2.000000e+01	2.200000e+01	1.700000e+01	1.400000e+01	1.600000e+01	1.600000e+01	1.400000e+01	1.100000e+01	5.600000e+01	7.800000e+01	3.100000e+01	3.600000e+01	3.500000e+01	6.000000e+01	7.100000e+01	3.600000e+01	2.400000e+01	2.500000e+01	2.300000e+01	2.700000e+01	2.500000e+01	2.190000e+02	2.500000e+01	9.700000e+01	1.000000e+02	9.100000e+01	1.410000e+02	4.100000e+01	2.900000e+01	1.500000e+01	7.300000e+01	2.400000e+01	2.500000e+01	4.300000e+01	9.600000e+01	5.300000e+01
1.000000e+01	1.400000e+01	1.100000e+01	1.300000e+01	1.800000e+01	1.200000e+01	1.800000e+01	1.200000e+01	2.400000e+01	4.800000e+01	9.000000e+00	3.400000e+01	6.700000e+01	3.300000e+01	2.700000e+01	2.200000e+01	2.200000e+01	4.200000e+01	5.200000e+01	2.200000e+01	1.000000e+01	4.600000e+01	5.500000e+01	1.700000e+01	4.900000e+01	9.100000e+01	6.100000e+01	6.000000e+01	2.100000e+01	1.700000e+01	1.600000e+01	1.800000e+01	1.700000e+01	1.700000e+01	1.200000e+01	1.400000e+01	2.700000e+01	1.990000e+02	4.700000e+01	4.400000e+01	3.900000e+01	1.420000e+02	1.480000e+02	8.400000e+01	4.900000e+01	4.000000e+01	2.000000e+01	8.400000e+01	2.300000e+01	5.500000e+01	7.700000e+01	3.700000e+01	1.400000e+01	2.600000e+01	8.600000e+01	3.900000e+01	2.300000e+01	1.330000e+02	1.260000e+02	1.170000e+02	2.700000e+01	3.400000e+01	6.300000e+01	8.800000e+01
1.100000e+01	1.800000e+01	1.800000e+01	1.600000e+01	2.200000e+01	1.900000e+01	1.600000e+01	1.200000e+01	2.900000e+01	5.400000e+01	3.100000e+01	2.500000e+01	1.500000e+01	7.000000e+01	4.900000e+01	1.000000e+02	4.900000e+01	2.500000e+01	2.200000e+01	4.600000e+01	5.700000e+01	3.900000e+01	5.800000e+01	4.900000e+01	1.450000e+02	4.800000e+01	6.300000e+01	6.500000e+01	4.200000e+01	1.900000e+01	1.600000e+01	2.100000e+01	1.800000e+01	1.500000e+01	1.600000e+01	1.400000e+01	4.300000e+01	3.100000e+01	3.400000e+01	6.900000e+01	5.600000e+01	6.900000e+01	2.900000e+01	8.900000e+01	3.000000e+01	1.770000e+02	2.900000e+01	2.100000e+01	3.600000e+01	2.400000e+01	2.130000e+02	4.600000e+01	6.200000e+01	2.000000e+01	1.900000e+02	6.600000e+01	3.100000e+01	6.400000e+01	6.900000e+01	1.150000e+02	5.200000e+01	7.400000e+01	2.500000e+01	3.500000e+01
1.900000e+01	1.900000e+01	1.600000e+01	2.000000e+01	1.600000e+01	2.100000e+01	1.500000e+01	3.200000e+01	1.600000e+01	2.100000e+01	2.300000e+01	5.400000e+01	2.000000e+01	5.200000e+01	4.500000e+01	5.700000e+01	7.100000e+01	1.090000e+02	5.000000e+01	3.400000e+01	8.700000e+01	5.400000e+01	2.600000e+01	1.000000e+02	4.400000e+01	6.100000e+01	3.200000e+01	8.300000e+01	2.500000e+01	2.200000e+01	1.800000e+01	1.300000e+01	2.200000e+01	2.500000e+01	2.600000e+01	2.600000e+01	6.500000e+01	7.800000e+01	1.450000e+02	2.100000e+01	2.800000e+01	4.100000e+01	7.000000e+01	8.100000e+01	7.900000e+01	3.300000e+01	4.100000e+01	3.500000e+01	5.100000e+01	8.200000e+01	9.100000e+01	4.900000e+01	9.900000e+01	4.500000e+01	9.800000e+01	6.600000e+01	7.800000e+01	4.300000e+01	1.460000e+02	3.700000e+01	2.490000e+02	5.200000e+01	4.900000e+01	2.900000e+01
2.400000e+01	2.200000e+01	9.000000e+00	9.000000e+00	1.500000e+01	2.300000e+01	1.100000e+01	1.400000e+01	2.000000e+01	2.200000e+01	2.600000e+01	1.700000e+01	4.900000e+01	2.700000e+01	2.800000e+01	2.400000e+01	3.900000e+01	3.000000e+01	2.100000e+01	7.900000e+01	3.300000e+01	4.500000e+01	9.600000e+01	2.400000e+01	3.400000e+01	3.900000e+01	3.800000e+01	1.800000e+01	2.500000e+01	2.600000e+01	1.400000e+01	2.700000e+01	1.100000e+01	2.200000e+01	1.400000e+01	2.100000e+01	2.600000e+01	4.500000e+01	1.500000e+01	2.290000e+02	3.300000e+01	3.600000e+01	1.320000e+02	5.300000e+01	4.200000e+01	1.360000e+02	2.500000e+01	7.300000e+01	5.100000e+01	3.100000e+01	2.000000e+01	4.200000e+01	2.100000e+01	1.240000e+02	2.810000e+02	8.400000e+01	8.100000e+01	2.500000e+01	4.000000e+01	9.000000e+01	8.300000e+01	3.500000e+01	1.130000e+02	4.700000e+01
1.500000e+01	2.100000e+01	1.600000e+01	1.200000e+01	1.400000e+01	1.800000e+01	1.300000e+01	2.300000e+01	2.200000e+01	1.300000e+01	2.000000e+01	3.700000e+01	1.600000e+01	2.400000e+01	2.100000e+01	1.210000e+02	6.100000e+01	2.020000e+02	5.900000e+01	1.900000e+01	3.200000e+01	6.100000e+01	2.900000e+01	4.000000e+01	3.000000e+01	2.100000e+01	3.500000e+01	1.070000e+02	6.700000e+01	2.100000e+01	1.700000e+01	1.800000e+01	2.100000e+01	2.300000e+01	1.400000e+01	1.900000e+01	6.900000e+01	5.100000e+01	6.200000e+01	3.900000e+01	3.800000e+01	6.900000e+01	3.900000e+01	9.800000e+01	5.600000e+01	4.500000e+01	7.900000e+01	3.100000e+01	1.330000e+02	3.100000e+01	1.170000e+02	3.200000e+01	7.700000e+01	1.160000e+02	4.400000e+01	3.200000e+01	9.600000e+01	6.600000e+01	8.400000e+01	2.400000e+01	2.350000e+02	8.200000e+01	6.100000e+01	1.320000e+02
2.100000e+01	8.000000e+00	1.000000e+01	2.100000e+01	1.200000e+01	2.000000e+01	1.400000e+01	1.000000e+01	2.300000e+01	3.500000e+01	1.700000e+01	3.600000e+01	3.200000e+01	1.800000e+01	6.900000e+01	7.600000e+01	5.800000e+01	2.700000e+01	2.600000e+01	3.300000e+01	7.200000e+01	8.800000e+01	1.900000e+01	3.500000e+01	7.800000e+01	4.300000e+01	1.400000e+01	3.900000e+01	1.000000e+02	3.900000e+01	8.000000e+00	1.700000e+01	1.400000e+01	2.400000e+01	2.000000e+01	1.800000e+01	6.800000e+01	1.000000e+02	6.500000e+01	4.200000e+01	7.000000e+01	3.000000e+01	3.400000e+01	7.500000e+01	4.800000e+01	8.100000e+01	4.600000e+01	2.600000e+01	2.500000e+01	8.200000e+01	2.100000e+01	5.800000e+01	1.140000e+02	5.800000e+01	1.130000e+02	2.200000e+01	8.100000e+01	1.730000e+02	5.800000e+01	6.200000e+01	8.100000e+01	1.700000e+01	7.800000e+01	2.300000e+01
1.900000e+01	1.800000e+01	9.000000e+00	1.700000e+01	1.500000e+01	1.600000e+01	1.700000e+01	2.100000e+01	1.600000e+01	3.900000e+01	2.200000e+01	2.600000e+01	3.200000e+01	3.200000e+01	2.400000e+01	4.200000e+01	2.800000e+01	3.000000e+01	3.700000e+01	5.100000e+01	3.200000e+01	4.200000e+01	5.700000e+01	6.800000e+01	2.900000e+01	4.900000e+01	2.700000e+01	7.600000e+01	3.200000e+01	1.700000e+01	1.900000e+01	2.600000e+01	1.600000e+01	1.700000e+01	1.700000e+01	3.200000e+01	6.800000e+01	2.600000e+01	3.900000e+01	2.100000e+01	6.800000e+01	4.200000e+01	1.870000e+02	6.000000e+01	3.500000e+01	4.900000e+01	1.300000e+01	4.100000e+01	1.120000e+02	1.030000e+02	1.900000e+01	4.000000e+01	1.970000e+02	3.000000e+01	7.400000e+01	8.700000e+01	5.700000e+01	2.300000e+01	7.900000e+01	2.900000e+01	2.200000e+01	3.900000e+01	4.800000e+01	3.500000e+01
1.500000e+01	1.500000e+01	2.000000e+01	1.900000e+01	1.200000e+01	2.300000e+01	1.300000e+01	1.600000e+01	5.900000e+01	2.100000e+01	1.700000e+01	1.100000e+01	4.000000e+01	1.800000e+01	1.700000e+01	2.800000e+01	6.200000e+01	5.300000e+01	3.600000e+01	4.000000e+01	4.200000e+01	1.900000e+01	2.800000e+01	6.200000e+01	3.000000e+01	2.800000e+01	2.000000e+01	9.400000e+01	4.000000e+01	1.300000e+01	2.100000e+01	1.700000e+01	1.300000e+01	1.300000e+01	1.600000e+01	1.600000e+01	4.300000e+01	1.600000e+01	2.300000e+01	3.000000e+01	4.300000e+01	3.200000e+01	2.100000e+01	1.800000e+01	8.200000e+01	5.200000e+01	1.510000e+02	5.700000e+01	3.900000e+01	4.400000e+01	3.200000e+01	2.500000e+01	2.400000e+01	5.600000e+01	3.100000e+01	9.500000e+01	5.300000e+01	9.900000e+01	1.670000e+02	4.300000e+01	2.300000e+01	3.100000e+01	3.700000e+01	2.100000e+01
1.900000e+01	2.200000e+01	1.700000e+01	2.100000e+01	1.900000e+01	1.600000e+01	1.400000e+01	3.600000e+01	1.800000e+01	1.800000e+01	2.400000e+01	1.300000e+01	3.000000e+01	1.400000e+01	4.000000e+01	2.900000e+01	2.500000e+01	4.200000e+01	4.700000e+01	1.700000e+01	1.100000e+02	9.400000e+01	3.800000e+01	2.900000e+01	1.050000e+02	2.300000e+01	4.500000e+01	2.300000e+01	2.000000e+01	1.500000e+01	1.000000e+01	2.000000e+01	1.200000e+01	2.400000e+01	1.200000e+01	2.300000e+01	2.300000e+01	7.400000e+01	5.400000e+01	5.800000e+01	6.000000e+01	5.400000e+01	1.280000e+02	3.800000e+01	1.360000e+02	2.800000e+01	5.400000e+01	4.700000e+01	7.900000e+01	1.010000e+02	1.300000e+01	1.800000e+01	4.200000e+01	4.200000e+01	6.100000e+01	4.600000e+01	6.800000e+01	7.300000e+01	1.340000e+02	1.020000e+02	2.040000e+02	1.800000e+01	1.700000e+01	1.700000e+01
2.200000e+01	1.300000e+01	1.600000e+01	1.000000e+01	2.200000e+01	1.900000e+01	2.600000e+01	2.100000e+01	5.000000e+00	2.100000e+01	1.500000e+01	3.300000e+01	2.600000e+01	3.700000e+01	5.800000e+01	9.600000e+01	3.700000e+01	2.600000e+01	4.200000e+01	1.900000e+01	4.200000e+01	5.500000e+01	8.900000e+01	6.800000e+01	4.400000e+01	3.900000e+01	2.800000e+01	1.900000e+01	4.800000e+01	2.900000e+01	1.000000e+01	1.500000e+01	1.700000e+01	2.000000e+01	1.500000e+01	1.900000e+01	3.600000e+01	1.500000e+02	2.100000e+01	1.900000e+01	2.950000e+02	9.800000e+01	2.200000e+01	3.300000e+01	3.200000e+01	6.100000e+01	2.160000e+02	3.000000e+01	1.790000e+02	3.700000e+01	2.700000e+01	1.800000e+01	9.000000e+01	1.570000e+02	2.900000e+01	2.700000e+01	5.500000e+01	2.300000e+01	4.300000e+01	3.900000e+01	4.500000e+01	1.030000e+02	6.700000e+01	2.600000e+01
1.100000e+01	1.200000e+01	1.400000e+01	1.500000e+01	1.900000e+01	1.400000e+01	1.200000e+01	6.000000e+00	2.400000e+01	1.400000e+01	6.000000e+00	3.300000e+01	4.700000e+01	3.000000e+01	3.400000e+01	8.500000e+01	2.000000e+01	4.300000e+01	2.900000e+01	3.800000e+01	3.500000e+01	7.500000e+01	1.370000e+02	1.500000e+01	3.600000e+01	3.900000e+01	1.300000e+01	6.600000e+01	2.500000e+01	2.200000e+01	2.200000e+01	2.100000e+01	1.300000e+01	3.000000e+01	1.800000e+01	1.400000e+01	4.500000e+01	5.100000e+01	5.800000e+01	2.500000e+01	1.300000e+01	1.500000e+01	3.400000e+01	4.100000e+01	6.400000e+01	3.100000e+01	2.800000e+01	2.200000e+01	3.100000e+01	2.500000e+01	2.800000e+01	3.800000e+01	3.000000e+01	5.500000e+01	4.600000e+01	4.900000e+01	2.100000e+01	4.600000e+01	3.000000e+01	1.180000e+02	5.000000e+01	2.300000e+01	1.800000e+01	1.600000e+01
1.400000e+01	1.400000e+01	1.600000e+01	1.300000e+01	1.700000e+01	1.200000e+01	1.900000e+01	1.800000e+01	1.500000e+01	1.400000e+01	1.400000e+01	2.900000e+01	2.200000e+01	1.800000e+01	2.300000e+01	2.700000e+01	3.400000e+01	6.200000e+01	5.100000e+01	2.600000e+01	4.500000e+01	2.800000e+01	3.100000e+01	3.700000e+01	2.200000e+01	2.300000e+01	4.200000e+01	4.500000e+01	7.300000e+01	2.900000e+01	2.400000e+01	1.600000e+01	1.500000e+01	1.500000e+01	1.500000e+01	3.400000e+01	8.600000e+01	2.000000e+01	1.800000e+01	1.180000e+02	6.100000e+01	5.100000e+01	2.400000e+01	2.700000e+01	5.600000e+01	4.400000e+01	2.200000e+01	3.300000e+01	2.500000e+01	3.300000e+01	1.900000e+01	3.500000e+01	3.800000e+01	5.900000e+01	1.400000e+01	9.000000e+01	7.700000e+01	9.500000e+01	7.800000e+01	1.600000e+01	3.700000e+01	2.400000e+01	5.800000e+01	1.400000e+01
1.400000e+01	1.900000e+01	1.200000e+01	1.500000e+01	1.800000e+01	1.500000e+01	2.000000e+01	2.200000e+01	2.500000e+01	1.900000e+01	1.800000e+01	1.800000e+01	2.300000e+01	2.300000e+01	1.600000e+01	1.900000e+01	5.400000e+01	1.800000e+01	5.600000e+01	4.200000e+01	2.800000e+01	1.600000e+01	1.160000e+02	3.500000e+01	1.800000e+01	3.400000e+01	5.600000e+01	9.100000e+01	1.700000e+01	1.600000e+01	2.200000e+01	2.500000e+01	1.500000e+01	1.800000e+01	1.200000e+01	1.100000e+01	5.900000e+01	3.200000e+01	8.400000e+01	4.600000e+01	3.100000e+01	2.500000e+01	2.400000e+01	2.900000e+01	3.600000e+01	5.900000e+01	3.200000e+01	3.800000e+01	4.000000e+01	5.800000e+01	3.600000e+01	3.500000e+01	4.400000e+01	4.700000e+01	4.000000e+01	3.200000e+01	4.200000e+01	2.350000e+02	1.500000e+01	3.000000e+01	2.200000e+01	3.400000e+01	4.500000e+01	1.600000e+01
1.900000e+01	1.300000e+01	2.100000e+01	1.600000e+01	7.000000e+00	1.800000e+01	1.200000e+01	1.700000e+01	2.700000e+01	2.200000e+01	1.800000e+01	2.200000e+01	2.300000e+01	2.200000e+01	1.800000e+01	2.600000e+01	1.700000e+01	2.400000e+01	4.500000e+01	2.900000e+01	2.100000e+01	6.200000e+01	2.100000e+01	4.200000e+01	2.100000e+01	8.400000e+01	2.300000e+01	9.100000e+01	6.100000e+01	2.900000e+01	1.600000e+01	2.000000e+01	2.300000e+01	2.500000e+01	1.400000e+01	2.600000e+01	3.500000e+01	2.100000e+01	4.100000e+01	8.400000e+01	1.900000e+01	3.200000e+01	1.900000e+01	1.400000e+01	2.300000e+01	2.900000e+01	5.000000e+01	1.700000e+01	2.600000e+01	2.700000e+01	2.300000e+01	9.300000e+01	6.400000e+01	6.800000e+01	2.800000e+01	9.200000e+01	4.200000e+01	4.700000e+01	4.700000e+01	4.600000e+01	4.200000e+01	1.700000e+01	2.200000e+01	1.100000e+01
1.100000e+01	1.900000e+01	1.800000e+01	1.600000e+01	2.500000e+01	2.000000e+01	1.700000e+01	1.700000e+01	1.600000e+01	1.400000e+01	1.100000e+01	2.000000e+01	2.300000e+01	3.600000e+01	3.400000e+01	3.100000e+01	4.900000e+01	2.900000e+01	4.600000e+01	1.230000e+02	3.700000e+01	5.900000e+01	3.600000e+01	8.000000e+01	1.510000e+02	5.900000e+01	4.200000e+01	7.100000e+01	2.600000e+01	1.200000e+01	1.200000e+01	1.600000e+01	1.200000e+01	1.400000e+01	1.400000e+01	3.900000e+01	3.400000e+01	1.800000e+01	2.200000e+01	2.500000e+01	3.600000e+01	2.900000e+01	5.600000e+01	2.200000e+01	3.600000e+01	4.400000e+01	7.200000e+01	3.900000e+01	3.200000e+01	1.320000e+02	2.000000e+01	3.300000e+01	2.000000e+01	6.200000e+01	2.600000e+01	2.100000e+01	2.400000e+01	2.700000e+01	8.800000e+01	1.600000e+01	2.200000e+01	1.800000e+01	2.700000e+01	1.500000e+01
1.600000e+01	1.500000e+01	1.400000e+01	2.200000e+01	1.300000e+01	1.400000e+01	1.400000e+01	1.200000e+01	2.000000e+01	1.100000e+01	2.000000e+01	2.000000e+01	2.300000e+01	3.200000e+01	4.800000e+01	4.600000e+01	2.300000e+01	4.300000e+01	1.280000e+02	3.500000e+01	3.600000e+01	2.400000e+01	2.100000e+01	4.100000e+01	4.700000e+01	4.600000e+01	8.100000e+01	7.300000e+01	4.200000e+01	1.100000e+01	2.400000e+01	9.000000e+00	1.100000e+01	1.200000e+01	1.800000e+01	3.800000e+01	9.400000e+01	1.600000e+01	4.200000e+01	1.800000e+01	1.800000e+01	3.800000e+01	3.800000e+01	5.400000e+01	2.300000e+01	4.700000e+01	1.500000e+01	5.700000e+01	2.900000e+01	6.800000e+01	6.500000e+01	1.900000e+01	2.000000e+01	1.700000e+01	3.300000e+01	3.500000e+01	1.800000e+01	1.100000e+01	1.600000e+01	3.300000e+01	1.600000e+01	1.700000e+01	9.000000e+00	1.800000e+01
1.800000e+01	1.500000e+01	1.600000e+01	7.000000e+00	1.300000e+01	2.000000e+01	1.200000e+01	1.000000e+01	1.100000e+01	2.500000e+01	2.100000e+01	2.000000e+01	9.000000e+00	2.500000e+01	3.900000e+01	2.700000e+01	1.600000e+01	3.900000e+01	9.000000e+00	4.600000e+01	3.900000e+01	6.000000e+01	1.550000e+02	1.800000e+01	4.000000e+01	2.000000e+01	2.700000e+01	5.900000e+01	3.600000e+01	1.300000e+01	1.900000e+01	2.800000e+01	2.600000e+01	2.500000e+01	2.200000e+01	1.200000e+01	3.800000e+01	2.800000e+01	1.600000e+01	2.600000e+01	1.700000e+01	1.200000e+01	3.700000e+01	2.900000e+01	5.900000e+01	2.300000e+01	8.300000e+01	1.500000e+01	1.050000e+02	3.500000e+01	2.900000e+01	1.800000e+01	2.200000e+01	2.900000e+01	1.200000e+01	1.700000e+01	8.300000e+01	2.300000e+01	2.900000e+01	1.700000e+01	1.300000e+01	1.500000e+01	1.300000e+01	1.800000e+01
1.800000e+01	1.700000e+01	1.800000e+01	1.600000e+01	1.200000e+01	1.200000e+01	1.600000e+01	1.900000e+01	1.500000e+01	1.200000e+01	2.500000e+01	1.400000e+01	1.600000e+01	1.600000e+01	2.400000e+01	3.000000e+01	1.000000e+01	8.200000e+01	1.700000e+01	1.900000e+01	2.400000e+01	1.800000e+01	2.200000e+01	1.700000e+01	3.900000e+01	2.800000e+01	2.000000e+01	4.100000e+01	2.700000e+01	1.700000e+01	2.100000e+01	1.700000e+01	1.700000e+01	1.500000e+01	1.700000e+01	3.400000e+01	2.000000e+01	3.600000e+01	3.300000e+01	6.300000e+01	2.900000e+01	3.300000e+01	4.100000e+01	7.400000e+01	4.700000e+01	4.500000e+01	1.300000e+01	4.700000e+01	2.300000e+01	3.700000e+01	2.100000e+01	7.300000e+01	1.700000e+01	2.800000e+01	3.200000e+01	2.100000e+01	5.200000e+01	3.900000e+01	2.600000e+01	1.500000e+01	1.900000e+01	1.600000e+01	1.900000e+01	1.700000e+01
1.000000e+01	1.600000e+01	1.000000e+01	1.800000e+01	8.000000e+00	2.800000e+01	1.500000e+01	1.100000e+01	2.000000e+01	1.300000e+01	1.700000e+01	1.300000e+01	2.500000e+01	2.000000e+01	4.300000e+01	4.300000e+01	2.500000e+01	1.400000e+01	3.400000e+01	6.300000e+01	1.500000e+01	7.800000e+01	1.400000e+01	7.300000e+01	5.500000e+01	9.800000e+01	3.600000e+01	6.400000e+01	1.900000e+01	1.600000e+01	8.000000e+00	1.300000e+01	1.500000e+01	9.000000e+00	1.500000e+01	4.100000e+01	3.500000e+01	2.000000e+01	2.400000e+01	1.060000e+02	4.200000e+01	4.300000e+01	3.100000e+01	1.600000e+01	3.000000e+01	4.500000e+01	2.100000e+01	1.300000e+01	8.000000e+00	1.500000e+02	5.600000e+01	4.000000e+01	2.100000e+01	4.100000e+01	1.700000e+01	3.900000e+01	2.200000e+01	1.200000e+01	1.200000e+01	8.000000e+00	1.100000e+01	1.100000e+01	1.700000e+01	1.000000e+01
2.200000e+01	1.400000e+01	1.000000e+01	8.000000e+00	1.100000e+01	1.400000e+01	9.000000e+00	1.800000e+01	9.000000e+00	1.600000e+01	1.200000e+01	1.900000e+01	3.000000e+01	2.300000e+01	1.500000e+01	3.700000e+01	1.600000e+01	3.600000e+01	7.600000e+01	4.500000e+01	2.300000e+01	1.300000e+01	4.800000e+01	3.500000e+01	1.500000e+01	2.800000e+01	2.100000e+01	3.600000e+01	2.800000e+01	1.800000e+01	1.600000e+01	1.700000e+01	1.900000e+01	7.000000e+00	1.400000e+01	1.400000e+01	3.100000e+01	2.800000e+01	2.000000e+01	2.500000e+01	2.600000e+01	2.600000e+01	1.900000e+01	2.600000e+01	4.300000e+01	2.100000e+01	2.900000e+01	2.500000e+01	2.400000e+01	2.400000e+01	1.100000e+02	2.400000e+01	6.400000e+01	6.800000e+01	1.700000e+01	2.100000e+01	4.300000e+01	1.900000e+01	1.500000e+01	1.800000e+01	1.200000e+01	1.100000e+01	2.000000e+01	1.400000e+01
1.600000e+01	1.500000e+01	8.000000e+00	1.300000e+01	2.400000e+01	1.600000e+01	1.900000e+01	1.700000e+01	1.100000e+01	1.700000e+01	1.300000e+01	2.300000e+01	2.100000e+01	3.200000e+01	2.200000e+01	2.800000e+01	1.300000e+01	8.300000e+01	2.700000e+01	3.200000e+01	3.600000e+01	5.100000e+01	3.700000e+01	1.800000e+01	5.300000e+01	8.200000e+01	4.200000e+01	2.900000e+01	3.800000e+01	2.100000e+01	1.600000e+01	1.700000e+01	2.200000e+01	1.200000e+01	1.400000e+01	1.800000e+01	5.500000e+01	2.700000e+01	3.000000e+01	9.300000e+01	3.900000e+01	2.600000e+01	5.700000e+01	4.000000e+01	4.900000e+01	1.900000e+01	1.900000e+01	3.500000e+01	1.600000e+01	2.900000e+01	1.080000e+02	5.700000e+01	6.100000e+01	2.200000e+01	1.900000e+01	2.800000e+01	1.000000e+01	1.900000e+01	1.400000e+01	2.200000e+01	1.200000e+01	1.200000e+01	1.300000e+01	1.000000e+01
1.200000e+01	1.100000e+01	1.200000e+01	1.200000e+01	2.000000e+01	2.200000e+01	1.900000e+01	7.000000e+00	2.000000e+01	2.500000e+01	2.200000e+01	1.900000e+01	1.500000e+01	1.700000e+01	2.000000e+01	8.000000e+00	1.700000e+01	1.600000e+01	6.200000e+01	6.900000e+01	2.300000e+01	2.600000e+01	2.300000e+01	3.700000e+01	2.200000e+01	3.600000e+01	4.800000e+01	1.500000e+01	6.100000e+01	1.700000e+01	1.500000e+01	2.800000e+01	1.700000e+01	2.300000e+01	1.500000e+01	1.500000e+01	2.500000e+01	2.500000e+01	5.700000e+01	4.200000e+01	5.300000e+01	1.170000e+02	3.200000e+01	5.500000e+01	3.200000e+01	2.800000e+01	3.200000e+01	3.100000e+01	9.600000e+01	3.400000e+01	5.300000e+01	3.400000e+01	2.100000e+01	3.500000e+01	2.200000e+01	2.100000e+01	1.700000e+01	1.700000e+01	1.600000e+01	1.500000e+01	1.900000e+01	1.300000e+01	1.300000e+01	1.700000e+01
1.900000e+01	2.000000e+01	9.000000e+00	1.100000e+01	1.300000e+01	1.200000e+01	1.500000e+01	2.000000e+01	1.500000e+01	2.400000e+01	1.700000e+01	7.000000e+00	2.200000e+01	1.600000e+01	1.700000e+01	2.800000e+01	1.000000e+01	4.000000e+01	3.600000e+01	3.900000e+01	2.300000e+01	2.100000e+01	3.200000e+01	2.000000e+01	1.900000e+01	3.300000e+01	2.100000e+01	1.900000e+01	4.800000e+01	1.100000e+01	2.400000e+01	3.300000e+01	2.000000e+01	2.000000e+01	1.600000e+01	2.600000e+01	2.300000e+01	2.800000e+01	3.600000e+01	4.500000e+01	2.000000e+01	2.800000e+01	3.300000e+01	4.600000e+01	4.100000e+01	2.100000e+01	4.100000e+01	2.100000e+01	4.000000e+01	2.000000e+01	2.500000e+01	2.400000e+01	4.300000e+01	2.000000e+01	2.300000e+01	1.700000e+01	1.300000e+01	1.800000e+01	7.000000e+00	2.100000e+01	1.200000e+01	1.500000e+01	1.200000e+01	2.200000e+01

