# Shape: 1 64 64
# comment: Скан кусочка карты. Шаг по Z 50 мкм
# metadata: {'created': '2026-08-07T11_12_39', 'description': '3D scan'}
# name: 10
# parameters: {'Np_slice': 4096, 'Np_total': 4096, 'Np_x': 64, 'Np_y': 64, 'Np_z': 1, 'accum_time': 10, 'step_x': 1024, 'step_y': 1024, 'step_z': 1024, 'x1': 0, 'x2': 65535, 'y1': 0, 'y2': 65535, 'z1': 0, 'z2': 0}
# units: {'accum_time_ms': 'ms', 'cord': 'LSB'}
# === DATA START ===
1.700000e+01	2.200000e+01	2.300000e+01	2.000000e+01	2.000000e+01	1.400000e+01	2.800000e+01	1.900000e+01	1.000000e+01	1.900000e+01	2.300000e+01	1.300000e+01	1.300000e+01	2.300000e+01	2.500000e+01	1.600000e+01	2.500000e+01	6.000000e+01	3.100000e+01	1.120000e+02	1.150000e+02	4.700000e+01	1.710000e+03	1.009000e+03	9.420000e+02	3.000000e+01	5.368000e+03	8.057000e+03	2.229000e+03	9.700000e+01	1.883000e+03	8.270000e+02	1.802000e+03	3.809000e+03	4.310000e+02	7.700000e+01	5.876000e+03	1.788000e+03	5.649000e+03	1.123000e+03	3.872000e+03	5.691000e+03	8.262000e+03	4.117000e+03	1.074100e+04	4.438000e+03	6.934000e+03	1.080000e+03	6.230000e+02	1.140000e+02	1.830000e+02	4.400000e+01	2.500000e+01	1.500000e+01	2.300000e+01	2.100000e+01	1.100000e+01	1.700000e+01	2.100000e+01	1.300000e+01	1.600000e+01	1.600000e+01	9.000000e+00	2.500000e+01
1.700000e+01	1.800000e+01	2.200000e+01	1.500000e+01	2.000000e+01	1.800000e+01	1.400000e+01	1.900000e+01	2.100000e+01	1.800000e+01	1.100000e+01	1.600000e+01	1.500000e+01	3.800000e+01	2.800000e+01	5.800000e+01	2.300000e+01	2.500000e+01	9.470000e+02	7.800000e+01	5.100000e+02	1.480000e+02	1.400000e+03	1.890000e+02	4.723000e+03	9.383000e+03	4.551000e+03	1.118000e+03	1.811000e+03	6.124000e+03	5.582000e+03	3.330000e+02	1.060000e+02	1.058000e+03	3.387000e+03	1.810000e+03	2.570000e+02	3.759000e+03	8.940000e+02	4.810000e+02	1.576000e+03	5.570000e+02	2.921000e+03	1.960000e+03	1.127100e+04	6.652000e+03	3.306000e+03	2.483000e+03	6.289000e+03	6.690000e+02	4.550000e+02	1.830000e+02	3.400000e+01	3.800000e+01	3.100000e+01	1.600000e+01	1.400000e+01	1.900000e+01	1.900000e+01	1.800000e+01	1.600000e+01	2.300000e+01	1.500000e+01	2.400000e+01
1.600000e+01	1.500000e+01	1.800000e+01	2.200000e+01	1.600000e+01	1.900000e+01	1.400000e+01	2.000000e+01	2.300000e+01	2.300000e+01	1.600000e+01	2.200000e+01	1.700000e+01	1.700000e+01	3.500000e+01	2.400000e+01	3.400000e+01	2.190000e+02	2.880000e+02	4.560000e+02	2.006000e+03	1.037000e+03	8.872000e+03	9.370000e+02	1.074000e+03	2.718200e+04	4.918000e+03	5.302000e+03	1.579000e+03	3.133000e+03	3.040000e+02	2.710000e+02	1.350000e+03	6.436000e+03	1.029000e+03	1.820000e+02	8.350000e+02	1.275000e+03	1.480000e+02	3.270000e+02	3.312000e+03	3.166000e+03	2.420000e+03	4.030000e+02	1.874100e+04	1.375300e+04	7.099000e+03	1.099000e+04	1.234000e+03	6.183000e+03	4.830000e+02	1.310000e+02	6.500000e+01	4.400000e+01	5.100000e+01	2.200000e+01	8.000000e+00	2.400000e+01	1.700000e+01	1.600000e+01	1.400000e+01	1.200000e+01	1.800000e+01	1.500000e+01
2.100000e+01	1.300000e+01	2.100000e+01	9.000000e+00	2.500000e+01	2.500000e+01	2.500000e+01	2.500000e+01	1.200000e+01	2.000000e+01	7.000000e+00	2.100000e+01	2.000000e+01	1.800000e+01	6.800000e+01	2.700000e+01	3.340000e+02	3.810000e+02	3.520000e+02	1.417000e+03	6.000000e+02	7.400000e+02	2.130000e+02	1.388000e+03	2.290000e+02	7.520000e+02	9.340000e+02	1.690000e+02	7.350000e+02	8.030000e+02	1.319000e+03	1.840000e+02	1.686000e+03	1.480000e+03	4.950000e+02	9.300000e+01	1.575000e+03	4.350000e+02	4.280000e+02	1.753000e+03	9.730000e+02	5.490000e+02	3.975000e+03	2.569000e+03	1.619000e+03	7.390000e+02	1.468000e+03	1.636000e+03	4.029000e+03	1.364000e+03	2.840000e+02	3.300000e+02	1.190000e+02	6.800000e+01	6.100000e+01	2.400000e+01	2.100000e+01	1.900000e+01	1.500000e+01	2.400000e+01	2.300000e+01	1.900000e+01	1.700000e+01	2.300000e+01
1.700000e+01	1.900000e+01	1.500000e+01	2.900000e+01	2.200000e+01	1.300000e+01	1.700000e+01	2.600000e+01	1.300000e+01	1.500000e+01	1.800000e+01	2.100000e+01	2.000000e+01	3.200000e+01	2.000000e+01	6.000000e+01	8.200000e+01	5.180000e+02	2.150000e+03	2.680000e+02	3.836000e+03	2.550000e+02	4.027000e+03	1.219000e+03	2.770000e+02	6.900000e+01	1.252000e+03	2.610000e+02	3.930000e+02	6.700000e+02	8.800000e+01	7.000000e+01	7.900000e+01	5.700000e+01	1.930000e+02	9.200000e+01	2.190000e+02	3.370000e+02	1.071000e+03	3.150000e+02	1.540000e+02	2.490000e+02	8.200000e+01	1.880000e+02	8.400000e+01	1.570000e+02	6.470000e+02	1.034000e+03	1.781000e+03	5.040000e+02	3.538000e+03	6.500000e+02	8.310000e+02	1.290000e+02	6.840000e+02	4.700000e+01	2.300000e+01	1.500000e+01	2.200000e+01	1.200000e+01	2.400000e+01	1.800000e+01	2.500000e+01	2.100000e+01
9.000000e+00	1.700000e+01	1.100000e+01	1.100000e+01	1.500000e+01	1.300000e+01	8.000000e+00	1.600000e+01	1.000000e+01	2.300000e+01	2.600000e+01	2.200000e+01	1.200000e+01	5.900000e+01	5.200000e+01	3.240000e+02	7.100000e+01	5.910000e+02	5.780000e+02	3.490000e+02	1.406000e+03	7.800000e+02	1.680000e+02	5.290000e+02	1.260000e+02	2.600000e+01	1.183000e+03	7.400000e+02	2.150000e+02	1.217000e+03	5.130000e+02	2.240000e+03	6.620000e+02	4.500000e+01	9.660000e+02	9.700000e+01	1.760000e+02	3.490000e+02	6.810000e+02	1.197000e+03	1.331000e+03	1.700000e+02	2.030000e+02	1.140000e+02	1.670000e+02	2.010000e+02	2.662000e+03	2.180000e+02	4.050000e+03	5.480000e+02	2.528000e+03	8.600000e+02	2.166000e+03	1.681000e+03	6.000000e+01	7.300000e+01	3.700000e+01	4.100000e+01	1.800000e+01	1.300000e+01	1.300000e+01	2.300000e+01	2.100000e+01	2.000000e+01
1.300000e+01	2.200000e+01	2.200000e+01	2.300000e+01	2.500000e+01	2.600000e+01	1.100000e+01	1.400000e+01	1.800000e+01	1.700000e+01	1.900000e+01	1.700000e+01	3.600000e+01	2.600000e+01	6.500000e+01	7.080000e+02	3.600000e+01	4.000000e+02	3.995000e+03	3.850000e+02	1.058000e+03	2.517000e+03	1.220000e+03	4.110000e+02	4.160000e+02	5.970000e+02	2.393000e+03	5.040000e+02	2.890000e+02	8.260000e+02	2.560000e+02	3.293000e+03	1.480000e+02	6.790000e+02	3.405000e+03	1.691000e+03	1.402000e+03	4.430000e+02	1.659000e+03	4.500000e+01	8.400000e+01	5.900000e+01	1.110000e+03	9.150000e+02	2.090000e+03	1.020000e+02	1.460000e+02	1.563000e+03	2.250000e+02	2.070000e+02	1.383000e+03	3.480000e+02	5.130000e+02	1.210000e+02	4.600000e+01	2.980000e+02	4.500000e+01	6.600000e+01	6.300000e+01	7.000000e+00	1.500000e+01	9.000000e+00	1.400000e+01	1.900000e+01
1.000000e+01	1.200000e+01	1.600000e+01	1.600000e+01	1.400000e+01	1.100000e+01	1.400000e+01	1.500000e+01	1.400000e+01	1.500000e+01	2.000000e+01	3.300000e+01	6.300000e+01	4.900000e+01	2.270000e+02	1.620000e+02	4.980000e+02	4.850000e+02	2.570000e+02	6.350000e+02	1.093000e+03	6.680000e+02	4.053000e+03	5.640000e+02	1.420000e+03	2.910000e+02	4.150000e+02	2.697000e+03	1.123000e+03	2.965000e+03	5.700000e+03	2.470000e+02	9.410000e+02	2.790000e+02	2.290000e+02	3.570000e+02	6.370000e+02	7.400000e+02	8.030000e+02	5.100000e+02	3.640000e+02	1.806000e+03	1.770000e+02	7.900000e+01	1.290000e+02	1.320000e+02	8.700000e+01	4.190000e+02	8.520000e+02	4.160000e+02	2.470000e+03	4.457000e+03	1.150000e+02	2.300000e+02	3.180000e+02	2.240000e+02	7.800000e+01	4.300000e+01	4.400000e+01	2.000000e+01	1.600000e+01	1.800000e+01	1.800000e+01	2.000000e+01
1.700000e+01	1.400000e+01	2.400000e+01	1.300000e+01	1.400000e+01	1.200000e+01	1.400000e+01	1.500000e+01	1.500000e+01	1.400000e+01	1.400000e+01	2.600000e+01	3.900000e+01	6.900000e+01	9.700000e+01	1.440000e+02	5.870000e+02	1.029000e+03	9.820000e+02	8.770000e+02	6.420000e+02	4.540000e+02	1.055000e+03	1.990000e+02	2.430000e+02	7.580000e+02	8.750000e+02	2.540000e+02	5.110000e+02	5.030000e+02	7.900000e+01	9.460000e+02	5.060000e+02	4.200000e+02	1.586000e+03	3.210000e+02	5.360000e+02	1.010000e+02	1.000000e+02	4.500000e+01	1.030000e+02	1.516000e+03	1.000000e+02	1.200000e+02	9.060000e+02	1.660000e+02	2.830000e+02	7.940000e+02	4.500000e+01	1.380000e+02	1.840000e+02	1.277000e+03	2.640000e+02	7.950000e+02	3.330000e+02	1.322000e+03	8.400000e+01	1.330000e+02	8.200000e+01	4.700000e+01	2.900000e+01	1.600000e+01	2.400000e+01	1.600000e+01
2.300000e+01	1.700000e+01	2.500000e+01	2.200000e+01	1.800000e+01	1.800000e+01	1.700000e+01	1.000000e+01	1.800000e+01	1.500000e+01	2.600000e+01	4.700000e+01	4.600000e+01	2.520000e+02	1.114000e+03	2.288000e+03	1.730000e+02	2.347000e+03	1.480000e+02	1.880000e+02	2.086000e+03	1.380000e+02	1.876000e+03	8.990000e+02	5.450000e+02	2.364000e+03	2.491000e+03	3.690000e+02	2.250000e+02	1.483000e+03	8.900000e+01	6.500000e+01	1.964000e+03	1.980000e+02	1.480000e+02	1.721000e+03	6.300000e+01	4.180000e+02	6.010000e+02	6.115000e+03	4.600000e+02	3.200000e+01	2.130000e+02	6.400000e+01	2.149000e+03	2.980000e+02	5.750000e+02	6.610000e+02	1.380000e+03	4.800000e+02	1.121000e+03	1.960000e+02	1.434000e+03	7.990000e+02	2.130000e+02	1.120000e+02	4.150000e+02	7.200000e+01	2.700000e+01	1.480000e+02	5.100000e+01	1.600000e+01	2.100000e+01	1.300000e+01
1.600000e+01	1.500000e+01	8.000000e+00	1.100000e+01	1.000000e+01	1.700000e+01	1.200000e+01	1.000000e+01	2.100000e+01	1.800000e+01	3.000000e+01	2.200000e+01	2.100000e+01	6.500000e+01	4.800000e+01	4.880000e+02	2.397000e+03	1.410000e+02	3.520000e+02	1.000000e+03	2.630000e+02	6.470000e+02	3.298000e+03	4.662000e+03	1.596000e+03	1.650000e+02	1.943000e+03	5.790000e+02	7.260000e+02	8.880000e+02	2.758000e+03	1.510000e+02	8.720000e+02	4.020000e+02	7.900000e+02	1.971000e+03	1.000000e+03	1.290000e+02	6.750000e+02	4.630000e+02	3.400000e+01	3.800000e+01	1.321000e+03	1.480000e+02	3.720000e+02	8.350000e+02	5.890000e+02	7.500000e+01	1.650000e+02	6.040000e+02	3.680000e+02	2.150000e+02	1.156000e+03	3.610000e+02	8.310000e+02	5.360000e+02	6.730000e+02	1.770000e+02	1.860000e+02	4.800000e+01	2.200000e+01	3.100000e+01	1.800000e+01	1.300000e+01
9.000000e+00	1.800000e+01	2.200000e+01	1.600000e+01	1.800000e+01	1.800000e+01	1.900000e+01	3.000000e+01	2.100000e+01	3.100000e+01	3.000000e+01	2.790000e+02	3.460000e+02	4.400000e+01	5.070000e+02	2.222000e+03	5.200000e+02	2.390000e+02	5.924000e+03	7.960000e+02	2.930000e+03	1.088000e+03	2.247000e+03	8.011000e+03	1.141000e+03	3.910000e+02	4.514000e+03	5.700000e+02	1.150400e+04	1.088000e+03	2.752000e+03	1.020000e+02	2.606000e+03	2.208000e+03	4.152000e+03	1.335500e+04	7.250000e+02	4.460000e+02	2.950000e+02	4.770000e+02	4.132000e+03	1.240000e+02	5.596000e+03	1.840000e+02	6.390000e+02	2.260000e+02	1.540000e+02	3.810000e+02	1.380000e+02	1.050000e+02	4.890000e+02	4.000000e+01	1.990000e+02	1.090000e+02	2.260000e+02	7.390000e+02	7.510000e+02	7.700000e+01	1.130000e+02	6.400000e+01	3.700000e+01	5.400000e+01	5.800000e+01	1.100000e+01
1.800000e+01	2.100000e+01	2.000000e+01	1.600000e+01	2.400000e+01	1.300000e+01	1.800000e+01	2.000000e+01	2.200000e+01	2.800000e+01	8.300000e+01	5.600000e+01	1.980000e+02	4.200000e+01	7.620000e+02	1.832000e+03	4.185000e+03	4.290000e+02	8.905000e+03	3.704000e+03	2.183000e+03	7.073000e+03	1.800000e+02	1.632000e+03	3.476000e+03	2.893000e+03	2.880000e+02	2.149000e+03	1.407000e+03	4.133000e+03	1.968000e+03	4.093000e+03	3.533000e+03	6.870000e+02	1.510000e+02	1.250000e+02	4.070000e+02	5.970000e+02	3.100000e+02	2.070000e+02	5.683000e+03	2.180000e+02	2.374000e+03	6.840000e+02	1.078000e+03	4.227000e+03	5.400000e+02	1.453000e+03	2.730000e+02	7.890000e+02	2.300000e+02	2.920000e+02	1.200000e+02	5.150000e+02	3.530000e+02	3.000000e+02	3.150000e+02	2.230000e+02	3.670000e+02	5.500000e+01	6.200000e+01	2.800000e+01	5.500000e+01	2.400000e+01
1.100000e+01	1.700000e+01	3.100000e+01	1.500000e+01	1.600000e+01	1.600000e+01	2.100000e+01	1.800000e+01	1.700000e+01	2.800000e+01	1.900000e+01	1.120000e+02	7.040000e+02	6.100000e+02	9.830000e+02	1.620000e+02	3.158000e+03	1.386000e+03	3.230000e+03	3.100000e+02	4.820000e+02	1.090000e+02	3.876000e+03	3.598000e+03	9.330000e+02	2.180000e+02	8.900000e+02	5.690000e+02	8.760000e+02	3.930000e+03	7.663000e+03	4.948000e+03	1.141600e+04	1.200000e+03	3.390000e+02	2.320000e+02	6.176000e+03	1.071000e+03	4.030000e+02	3.998000e+03	3.516000e+03	9.600000e+01	7.779000e+03	3.250000e+02	2.384000e+03	4.930000e+02	3.559000e+03	5.359000e+03	8.760000e+02	6.140000e+02	2.650000e+02	1.020000e+02	8.000000e+01	7.980000e+02	1.140000e+02	1.350000e+02	7.200000e+01	6.500000e+01	1.690000e+02	1.420000e+02	3.400000e+01	5.600000e+01	2.000000e+01	3.400000e+01
2.000000e+01	2.200000e+01	1.600000e+01	2.400000e+01	1.800000e+01	1.900000e+01	1.800000e+01	2.100000e+01	4.400000e+01	2.200000e+01	5.710000e+02	1.770000e+02	9.140000e+02	6.300000e+01	1.620000e+02	2.220000e+02	1.036400e+04	2.957000e+03	2.563000e+03	2.461000e+03	6.750000e+02	7.180000e+02	6.070000e+02	3.083000e+03	1.091000e+03	1.126000e+03	6.080000e+02	3.830000e+02	2.910000e+02	2.702000e+03	7.800000e+01	1.110000e+02	9.180000e+02	1.993000e+03	5.050000e+02	4.218000e+03	1.158000e+03	1.714300e+04	1.250000e+02	5.995000e+03	1.123000e+03	2.803000e+03	2.896000e+03	4.371000e+03	8.750000e+02	1.520000e+02	1.180000e+03	2.219000e+03	2.162000e+03	2.290000e+02	2.980000e+02	3.090000e+02	1.550000e+02	1.180000e+02	3.300000e+02	1.300000e+02	3.100000e+01	8.200000e+01	9.600000e+01	7.300000e+01	1.490000e+02	3.600000e+01	2.400000e+01	2.500000e+01
2.900000e+01	1.600000e+01	2.000000e+01	2.100000e+01	1.500000e+01	2.000000e+01	2.500000e+01	2.200000e+01	9.400000e+01	2.140000e+02	1.466000e+03	2.340000e+02	5.660000e+02	2.374000e+03	5.083000e+03	1.879000e+03	8.060000e+02	9.329000e+03	5.084000e+03	6.150000e+02	1.501000e+03	1.130000e+04	1.328000e+03	4.660000e+03	1.730000e+02	4.540000e+03	4.410000e+02	1.191900e+04	5.509000e+03	4.213000e+03	4.056000e+03	4.300000e+02	1.041000e+03	5.644000e+03	1.909000e+03	3.215000e+03	5.992000e+03	1.984400e+04	1.752000e+03	5.168000e+03	1.957000e+03	1.337000e+03	6.390000e+02	4.190000e+03	5.020000e+02	3.650000e+02	4.380000e+02	1.979000e+03	1.723000e+03	6.420000e+02	4.950000e+02	1.960000e+02	1.359000e+03	2.220000e+02	1.850000e+02	8.820000e+02	5.230000e+02	1.040000e+02	9.300000e+01	4.920000e+02	5.040000e+02	3.600000e+01	1.860000e+02	3.400000e+01
2.100000e+01	1.400000e+01	2.000000e+01	1.900000e+01	1.200000e+01	1.600000e+01	1.900000e+01	2.600000e+01	1.800000e+01	3.000000e+01	1.210000e+02	1.400000e+02	2.271000e+03	7.990000e+02	1.382000e+03	1.170000e+02	3.075000e+03	8.174000e+03	8.093000e+03	3.600000e+02	3.840000e+02	4.334000e+03	1.710800e+04	1.691000e+03	1.373000e+03	7.640000e+02	1.063000e+03	1.178800e+04	4.921000e+03	4.088000e+03	1.780000e+03	6.001000e+03	2.905000e+03	8.224000e+03	4.645000e+03	2.029000e+03	1.590000e+02	4.393000e+03	4.690000e+03	5.040000e+02	1.836000e+03	2.000000e+02	2.249000e+03	1.044000e+03	1.240000e+02	1.287000e+03	3.702000e+03	9.922000e+03	3.320000e+02	9.240000e+02	3.717000e+03	3.741000e+03	1.022000e+03	2.180000e+02	2.170000e+03	4.500000e+02	1.390000e+02	8.450000e+02	9.050000e+02	9.360000e+02	4.870000e+02	4.700000e+01	1.030000e+02	3.500000e+01
1.800000e+01	2.900000e+01	2.400000e+01	2.400000e+01	2.100000e+01	1.800000e+01	3.200000e+01	3.300000e+01	7.900000e+01	4.500000e+02	8.700000e+01	2.150000e+02	1.690000e+02	3.830000e+02	1.262000e+03	6.751000e+03	2.200000e+03	1.486000e+03	1.972000e+03	1.007000e+03	1.609000e+03	1.503000e+03	2.279000e+03	7.143000e+03	5.560000e+02	5.370000e+02	1.876000e+03	6.770000e+02	5.350000e+03	4.650000e+02	9.313000e+03	1.123700e+04	3.088000e+03	5.176000e+03	1.539700e+04	1.378600e+04	2.050100e+04	7.417000e+03	5.900000e+02	2.700000e+02	4.862000e+03	3.351000e+03	2.630000e+02	8.470000e+02	7.840000e+02	1.170000e+02	5.530000e+02	1.557000e+03	2.068000e+03	7.899000e+03	1.442000e+03	6.950000e+02	1.023000e+03	1.910000e+02	1.570000e+02	1.555000e+03	4.910000e+02	1.660000e+02	3.460000e+02	7.450000e+02	8.600000e+01	5.500000e+01	7.200000e+01	9.000000e+01
2.200000e+01	1.900000e+01	1.400000e+01	2.000000e+01	1.500000e+01	1.600000e+01	3.100000e+01	3.000000e+01	3.100000e+01	1.970000e+02	4.530000e+02	4.890000e+02	4.000000e+01	1.391000e+03	6.560000e+02	2.159100e+04	6.224000e+03	3.632000e+03	4.273000e+03	1.396000e+03	7.969000e+03	2.439000e+03	6.827000e+03	4.930000e+02	1.287100e+04	6.519000e+03	1.268000e+03	1.237000e+03	2.198000e+03	1.952000e+03	6.520000e+02	9.300000e+02	1.040000e+03	5.058000e+03	1.018000e+03	3.605000e+03	2.501000e+03	3.148000e+03	3.106000e+03	1.086000e+03	7.720000e+02	9.810000e+02	4.940000e+03	5.954000e+03	5.791000e+03	9.509000e+03	3.063000e+03	8.868000e+03	1.537500e+04	4.540000e+02	2.279000e+03	1.064000e+03	5.350000e+02	5.830000e+02	1.180000e+02	2.280000e+02	2.650000e+02	7.290000e+02	1.021000e+03	1.000000e+02	2.590000e+02	2.150000e+02	1.700000e+02	3.500000e+01
1.100000e+01	2.100000e+01	1.800000e+01	1.200000e+01	1.600000e+01	1.700000e+01	6.100000e+01	2.300000e+01	1.030000e+02	1.190000e+02	5.200000e+01	2.360000e+02	1.754000e+03	3.329000e+03	1.623000e+03	2.527000e+03	6.871000e+03	2.471000e+03	7.900000e+02	1.022000e+03	2.099000e+03	2.118000e+03	9.457000e+03	2.194000e+03	2.208000e+03	5.720000e+03	1.099900e+04	5.853000e+03	1.805000e+03	2.176000e+03	1.145000e+03	1.289000e+03	2.492000e+03	1.792000e+03	2.955000e+03	3.901000e+03	1.128000e+03	9.248000e+03	8.270000e+02	3.137000e+03	2.627000e+03	2.294000e+03	4.340000e+03	9.240000e+02	4.864000e+03	1.616000e+03	3.540000e+02	3.508000e+03	7.208000e+03	2.980000e+02	1.337900e+04	3.420000e+02	2.180000e+02	1.569000e+03	3.933000e+03	2.860000e+02	2.600000e+02	2.140000e+02	2.380000e+02	8.700000e+01	1.340000e+02	1.080000e+02	4.100000e+01	1.050000e+02
2.300000e+01	2.200000e+01	1.900000e+01	1.500000e+01	1.700000e+01	2.900000e+01	1.200000e+01	2.100000e+01	2.100000e+01	2.400000e+01	2.000000e+01	1.030000e+02	1.333000e+03	2.733000e+03	3.939000e+03	6.924000e+03	3.920000e+02	1.209500e+04	3.445000e+03	6.662000e+03	7.802000e+03	1.187000e+03	4.786000e+03	6.328000e+03	1.543000e+03	4.382000e+03	4.622000e+03	3.683000e+03	8.270000e+03	2.218000e+03	7.040000e+02	4.909000e+03	8.890000e+02	4.690000e+02	2.340000e+02	2.156400e+04	1.282000e+03	1.296000e+03	4.649000e+03	3.180000e+02	4.103000e+03	4.414000e+03	3.911000e+03	2.644000e+03	5.544000e+03	1.574300e+04	1.052700e+04	1.263000e+03	5.103000e+03	1.368000e+03	5.880000e+02	2.892000e+03	2.750000e+02	1.045800e+04	5.290000e+03	5.260000e+02	5.500000e+01	9.770000e+02	1.211000e+03	3.214000e+03	6.300000e+02	1.690000e+02	4.840000e+02	1.470000e+02
2.300000e+01	1.900000e+01	1.500000e+01	2.500000e+01	1.900000e+01	2.000000e+01	2.800000e+01	2.000000e+01	2.100000e+01	1.600000e+01	2.500000e+01	1.440000e+02	3.781000e+03	8.100000e+01	1.131000e+03	9.985000e+03	6.617000e+03	3.401000e+03	1.905000e+03	4.250000e+02	7.660000e+02	1.061000e+03	5.980000e+02	2.713000e+03	3.900000e+02	3.482000e+03	2.290000e+03	1.526000e+03	3.160000e+02	2.000000e+02	3.461000e+03	4.732000e+03	2.390000e+02	5.316000e+03	7.677000e+03	1.122900e+04	6.540000e+02	2.365000e+03	1.995600e+04	2.900000e+02	4.708000e+03	4.000000e+02	3.356000e+03	5.200000e+01	9.080000e+03	2.100000e+02	3.841000e+03	3.592000e+03	5.130000e+03	1.248900e+04	1.100800e+04	3.461000e+03	7.767000e+03	5.096000e+03	8.620000e+02	4.661000e+03	9.050000e+02	3.820000e+02	7.990000e+02	8.070000e+02	2.650000e+02	3.970000e+02	9.300000e+01	3.200000e+01
2.600000e+01	2.300000e+01	2.900000e+01	1.300000e+01	2.500000e+01	2.400000e+01	2.200000e+01	2.800000e+01	2.700000e+01	2.500000e+01	6.700000e+01	7.500000e+01	3.500000e+01	1.040000e+02	1.270000e+02	1.680000e+02	9.600000e+01	6.190000e+02	7.870000e+02	1.601000e+03	6.320000e+02	9.300000e+02	4.721000e+03	5.347000e+03	8.180000e+02	2.663000e+03	6.050000e+02	2.742000e+03	3.600000e+02	1.721000e+03	1.236000e+03	3.775000e+03	6.650000e+02	1.980000e+02	5.380000e+02	1.061000e+03	6.973000e+03	1.580000e+02	4.663000e+03	1.039700e+04	5.343000e+03	1.735700e+04	4.720000e+02	3.730000e+02	2.170000e+02	2.026000e+03	3.750000e+03	1.257100e+04	4.200000e+01	2.662000e+03	5.660000e+03	1.128000e+03	8.088000e+03	6.640000e+02	9.293000e+03	2.490000e+02	6.134000e+03	1.570000e+02	2.230000e+02	8.100000e+02	8.610000e+02	4.060000e+02	9.300000e+01	3.100000e+01
1.300000e+01	1.900000e+01	1.800000e+01	1.400000e+01	1.900000e+01	2.500000e+01	1.600000e+01	3.500000e+01	3.600000e+01	2.900000e+01	5.000000e+01	2.200000e+01	2.900000e+01	7.300000e+01	1.700000e+01	3.200000e+01	5.800000e+01	5.400000e+01	4.200000e+01	2.030000e+02	4.800000e+01	1.550000e+02	2.010000e+02	3.800000e+01	5.626000e+03	2.333000e+03	1.230000e+02	3.000000e+01	1.461000e+03	1.140000e+02	1.583000e+03	7.977000e+03	1.240000e+02	6.260000e+02	1.843700e+04	8.870000e+02	3.089000e+03	1.121000e+03	8.530000e+03	9.565000e+03	6.421000e+03	5.150000e+02	8.310000e+02	6.770000e+02	1.810400e+04	8.053000e+03	4.411000e+03	6.961000e+03	2.844000e+03	3.465000e+03	5.836000e+03	3.920000e+02	1.269000e+03	1.390000e+03	8.482000e+03	5.288000e+03	8.700000e+01	1.829000e+03	2.749000e+03	6.270000e+02	1.930000e+02	6.170000e+02	1.870000e+02	1.580000e+02
1.900000e+01	1.600000e+01	2.300000e+01	2.200000e+01	2.200000e+01	2.400000e+01	2.500000e+01	1.300000e+01	3.600000e+01	8.000000e+01	2.500000e+01	2.100000e+01	2.400000e+01	2.700000e+01	3.000000e+01	3.900000e+01	6.300000e+01	1.620000e+02	3.200000e+01	2.900000e+01	2.900000e+01	3.900000e+01	2.600000e+01	1.640000e+02	2.800000e+01	1.380000e+02	8.200000e+01	5.000000e+01	2.700000e+01	8.900000e+01	2.000000e+02	2.270000e+02	2.040000e+02	8.440000e+02	2.781000e+03	1.787000e+03	8.401000e+03	1.203000e+03	3.379000e+03	3.596000e+03	4.635000e+03	1.638000e+03	7.720000e+02	7.170000e+02	3.020000e+02	4.750000e+02	7.350000e+02	9.820000e+02	2.880000e+02	1.545000e+03	8.900000e+01	1.155800e+04	4.072000e+03	1.630000e+02	1.137900e+04	2.967000e+03	1.580000e+03	3.543000e+03	7.940000e+02	2.210000e+02	5.600000e+01	7.700000e+01	5.200000e+01	1.040000e+02
7.000000e+00	2.000000e+01	1.600000e+01	1.700000e+01	1.600000e+01	1.600000e+01	1.800000e+01	3.800000e+01	3.200000e+01	2.200000e+01	2.300000e+01	2.400000e+01	2.900000e+01	5.800000e+01	6.200000e+01	4.500000e+01	4.600000e+01	3.600000e+01	5.500000e+01	1.400000e+01	6.100000e+01	3.300000e+01	2.800000e+01	3.300000e+01	4.300000e+01	1.900000e+01	7.300000e+01	9.200000e+01	5.300000e+01	2.200000e+01	1.260000e+02	1.240000e+02	3.500000e+01	6.100000e+01	2.549000e+03	1.046000e+03	2.269000e+03	1.953000e+03	1.310000e+03	1.480000e+02	1.431000e+03	8.940000e+02	3.910000e+02	2.806000e+03	1.690000e+02	8.450000e+02	1.781200e+04	4.750000e+02	1.527000e+03	4.350000e+02	2.387000e+03	1.376000e+03	1.270500e+04	9.500000e+01	9.006000e+03	2.424000e+03	3.620000e+02	3.001000e+03	2.630000e+02	9.400000e+01	6.400000e+01	6.030000e+02	1.310000e+02	6.400000e+01
1.900000e+01	2.300000e+01	1.700000e+01	2.200000e+01	2.200000e+01	1.500000e+01	1.700000e+01	1.300000e+01	1.300000e+01	1.800000e+01	2.700000e+01	4.600000e+01	1.090000e+02	1.180000e+02	3.000000e+01	3.600000e+01	4.600000e+01	4.400000e+01	3.600000e+01	8.200000e+01	5.200000e+01	3.820000e+02	7.900000e+01	3.100000e+01	3.300000e+01	1.500000e+01	7.300000e+01	3.500000e+01	3.000000e+01	3.400000e+01	7.000000e+01	4.000000e+01	2.600000e+01	1.500000e+02	4.200000e+01	8.545000e+03	9.060000e+02	3.510000e+02	5.836000e+03	5.870000e+02	1.290000e+03	1.948400e+04	2.755000e+03	1.742000e+03	8.140000e+02	1.796900e+04	2.801000e+03	8.920000e+02	2.186100e+04	2.038000e+03	4.530000e+02	1.319000e+03	8.260000e+02	3.460000e+02	4.070000e+02	6.700000e+01	6.324000e+03	1.849000e+03	3.675000e+03	3.450000e+02	9.600000e+02	1.100000e+02	1.540000e+02	1.140000e+02
1.600000e+01	1.300000e+01	1.900000e+01	9.000000e+00	2.600000e+01	1.600000e+01	3.900000e+01	9.500000e+01	4.800000e+01	3.700000e+01	2.200000e+01	2.100000e+01	2.700000e+01	2.800000e+01	3.000000e+01	8.000000e+01	6.500000e+01	7.900000e+01	9.500000e+01	6.100000e+01	5.800000e+01	2.230000e+02	1.290000e+02	9.400000e+01	5.500000e+01	7.000000e+01	4.500000e+01	1.450000e+02	3.200000e+01	1.900000e+01	3.400000e+01	6.600000e+01	8.500000e+01	6.300000e+01	9.700000e+01	1.947000e+03	4.677000e+03	2.021000e+03	1.800000e+03	3.040000e+02	1.711100e+04	5.757000e+03	4.120000e+02	1.089500e+04	1.167100e+04	2.009000e+03	6.222000e+03	1.337000e+03	1.081600e+04	4.515000e+03	1.010000e+02	2.771000e+03	3.050000e+02	6.230000e+02	1.481200e+04	4.896000e+03	1.359000e+03	2.540000e+02	1.080000e+02	3.034000e+03	4.716000e+03	1.329000e+03	8.400000e+01	2.760000e+02
1.700000e+01	1.800000e+01	2.100000e+01	1.500000e+01	1.100000e+01	7.800000e+01	1.080000e+02	3.900000e+01	1.460000e+02	9.380000e+02	2.032000e+03	2.090000e+02	7.300000e+01	6.100000e+01	8.200000e+01	3.700000e+01	7.600000e+01	3.300000e+01	1.090000e+02	5.600000e+01	3.900000e+01	1.250000e+02	4.300000e+01	5.900000e+01	2.600000e+01	4.400000e+01	3.200000e+01	4.400000e+01	2.500000e+01	1.100000e+02	5.000000e+01	2.000000e+01	4.800000e+01	3.100000e+01	6.900000e+01	5.600000e+01	1.039000e+04	1.879000e+03	5.951000e+03	3.375000e+03	3.413000e+03	7.315000e+03	2.090000e+02	7.550000e+02	9.390000e+02	1.377000e+03	1.608900e+04	6.330000e+02	3.792000e+03	1.358400e+04	5.225000e+03	3.689000e+03	6.276000e+03	7.004000e+03	2.480000e+03	1.415000e+04	1.151000e+03	9.550000e+02	9.610000e+02	3.669000e+03	2.352000e+03	7.860000e+02	2.313000e+03	5.700000e+02
2.300000e+01	1.500000e+01	2.400000e+01	1.800000e+01	6.200000e+01	1.700000e+01	7.800000e+01	9.900000e+01	1.180000e+02	6.080000e+02	2.240000e+02	2.846000e+03	6.724000e+03	1.362000e+03	9.400000e+01	3.100000e+02	2.900000e+01	3.900000e+01	5.200000e+01	6.400000e+01	1.060000e+02	1.570000e+02	6.800000e+01	1.260000e+02	6.700000e+01	4.000000e+01	4.700000e+01	2.500000e+01	6.300000e+01	5.300000e+01	2.640000e+02	1.010000e+02	3.700000e+01	3.500000e+01	7.000000e+01	8.800000e+01	2.757000e+03	1.195600e+04	7.761000e+03	5.920000e+03	3.786000e+03	7.726000e+03	3.410000e+02	2.125000e+03	1.676400e+04	2.686000e+03	4.574000e+03	5.360000e+02	5.010000e+02	2.685000e+03	3.697000e+03	2.617000e+03	1.552000e+03	9.771000e+03	2.030000e+02	1.634700e+04	1.362000e+03	2.738000e+03	2.604000e+03	8.850000e+02	3.665000e+03	4.060000e+02	7.130000e+02	6.600000e+02
2.200000e+01	1.800000e+01	1.600000e+01	1.700000e+01	1.700000e+01	3.200000e+01	1.040000e+02	6.250000e+02	1.240000e+02	1.630000e+02	2.087000e+03	7.848000e+03	1.950600e+04	1.216000e+03	5.480000e+02	7.570000e+02	2.810000e+02	3.040000e+02	7.500000e+01	3.200000e+01	3.800000e+01	5.800000e+01	1.680000e+02	3.400000e+01	3.900000e+01	8.700000e+01	3.200000e+01	7.300000e+01	6.200000e+01	7.700000e+01	3.600000e+01	4.600000e+01	3.800000e+01	1.070000e+02	5.300000e+01	1.230000e+02	6.610000e+03	2.255000e+03	1.618000e+03	2.369000e+03	4.402000e+03	1.038000e+03	4.434000e+03	4.165000e+03	1.714000e+03	4.504000e+03	1.041700e+04	4.830000e+02	7.090000e+03	1.135000e+03	3.265000e+03	3.970000e+02	9.170000e+02	2.626000e+03	1.784300e+04	1.242000e+03	1.287400e+04	8.492000e+03	1.913000e+04	6.246000e+03	5.370000e+02	4.690000e+02	1.627000e+03	2.180000e+02
1.900000e+01	1.600000e+01	3.000000e+01	3.000000e+01	1.700000e+01	5.700000e+01	1.200000e+02	9.100000e+01	1.510000e+02	6.790000e+02	4.710000e+02	4.510000e+02	1.200000e+03	1.078800e+04	9.260000e+02	5.819000e+03	2.096100e+04	2.015000e+03	3.263000e+03	2.680000e+02	3.400000e+01	4.700000e+01	5.400000e+01	3.600000e+01	4.700000e+01	6.200000e+01	1.740000e+02	3.600000e+01	5.100000e+01	1.040000e+02	6.600000e+01	4.400000e+01	1.380000e+02	2.600000e+01	3.300000e+01	7.300000e+01	3.360000e+02	7.160000e+02	1.081000e+03	4.158000e+03	2.742300e+04	4.672000e+03	1.402000e+03	9.240000e+02	2.136000e+03	5.714000e+03	9.318000e+03	2.832000e+03	1.687000e+03	7.450000e+02	4.218000e+03	4.857000e+03	6.333000e+03	1.955700e+04	6.386000e+03	1.274100e+04	1.061600e+04	9.394000e+03	9.550000e+02	4.069000e+03	2.124000e+03	3.716000e+03	1.310000e+02	1.500000e+02
3.200000e+01	2.000000e+01	1.500000e+01	1.900000e+01	1.700000e+01	2.200000e+01	1.310000e+02	3.010000e+02	5.180000e+02	4.080000e+02	3.270000e+02	2.441000e+03	3.221000e+03	1.459000e+03	6.500000e+02	4.377000e+03	8.110000e+02	8.255000e+03	7.075000e+03	1.156000e+03	4.954000e+03	1.940000e+02	2.800000e+01	3.200000e+01	6.400000e+01	1.800000e+01	5.900000e+01	3.100000e+01	8.700000e+01	9.200000e+01	1.520000e+02	8.100000e+01	3.600000e+01	3.200000e+01	3.600000e+01	4.000000e+01	1.240000e+02	1.052400e+04	1.310000e+02	2.585000e+03	1.940000e+02	5.401000e+03	1.297500e+04	1.258000e+03	5.868000e+03	1.680400e+04	1.282000e+03	6.250000e+03	1.074300e+04	4.530000e+03	1.880000e+02	2.079700e+04	3.140000e+02	2.590200e+04	5.216000e+03	2.118000e+03	3.090000e+02	1.010000e+03	2.702400e+04	4.610000e+02	2.700000e+01	6.900000e+01	1.472000e+03	1.230000e+02
2.000000e+01	2.200000e+01	1.400000e+01	2.400000e+01	2.100000e+01	4.300000e+01	7.500000e+01	2.740000e+02	7.000000e+02	3.040000e+02	5.610000e+02	1.310000e+02	8.870000e+02	2.372000e+03	2.006000e+03	6.154000e+03	4.232000e+03	9.945000e+03	3.586000e+03	7.883000e+03	7.780000e+02	6.184000e+03	2.444000e+03	2.530000e+02	2.000000e+01	5.400000e+01	3.100000e+01	2.000000e+01	7.300000e+01	1.310000e+02	5.100000e+01	5.100000e+01	3.400000e+01	4.100000e+01	2.760000e+02	3.900000e+01	2.807000e+03	4.276000e+03	1.088000e+04	9.150000e+02	1.653000e+03	7.546000e+03	5.610000e+02	2.456000e+03	2.094000e+03	1.866900e+04	5.300000e+02	1.372000e+03	5.370000e+02	2.157100e+04	1.711000e+03	9.323000e+03	1.754000e+03	1.680000e+03	9.956000e+03	1.223000e+03	2.090000e+03	6.799000e+03	1.317000e+03	3.140000e+02	6.738000e+03	3.341000e+03	2.472000e+03	4.900000e+01
2.100000e+01	1.500000e+01	2.800000e+01	2.100000e+01	1.600000e+01	2.500000e+01	2.300000e+01	1.600000e+02	5.190000e+02	1.270000e+02	1.992000e+03	2.552000e+03	2.319900e+04	3.670000e+03	1.751000e+03	5.950000e+02	1.723000e+03	3.736000e+03	1.923000e+03	4.320000e+02	1.603000e+03	7.510000e+02	1.275000e+03	1.826000e+03	5.102000e+03	1.144000e+03	4.000000e+01	2.700000e+01	4.100000e+01	2.500000e+01	8.000000e+01	3.240000e+02	5.900000e+01	8.300000e+01	3.200000e+01	6.200000e+01	5.780000e+02	4.797000e+03	2.342000e+03	3.748000e+03	4.953000e+03	1.765000e+03	1.243000e+03	1.146000e+03	8.757000e+03	1.000300e+04	1.864000e+03	3.596000e+03	6.322000e+03	8.328000e+03	5.667000e+03	2.213000e+04	1.405600e+04	4.954000e+03	5.250000e+03	1.323600e+04	1.143100e+04	2.458100e+04	9.541000e+03	5.314000e+03	1.494000e+04	7.840000e+02	5.200000e+01	1.090000e+02
2.000000e+01	2.200000e+01	1.700000e+01	1.900000e+01	2.800000e+01	1.700000e+01	4.500000e+01	2.550000e+02	3.530000e+02	1.695000e+03	5.700000e+01	8.380000e+02	1.474000e+03	9.620000e+02	6.930000e+02	4.909000e+03	1.426200e+04	5.397000e+03	2.539000e+03	8.023000e+03	4.140000e+02	2.006000e+03	1.450000e+03	1.843000e+03	3.866000e+03	4.810000e+02	2.440000e+02	1.176000e+03	4.300000e+01	6.500000e+01	6.400000e+01	1.940000e+02	6.600000e+01	5.200000e+01	1.110000e+02	5.600000e+01	1.280000e+02	7.845000e+03	4.444000e+03	6.012000e+03	2.440000e+02	1.139000e+03	6.240000e+02	7.070000e+02	1.352000e+03	9.350000e+02	4.380000e+02	3.029000e+03	9.570000e+02	1.384400e+04	4.600000e+02	2.868000e+03	8.920000e+02	1.407800e+04	6.030000e+03	2.171700e+04	1.252400e+04	9.133000e+03	2.485000e+03	2.195500e+04	1.309900e+04	3.240000e+02	2.336000e+03	1.720000e+02
2.400000e+01	2.200000e+01	1.200000e+01	8.000000e+00	1.400000e+01	2.500000e+01	3.800000e+01	7.200000e+01	5.560000e+02	3.200000e+02	3.850000e+03	5.265000e+03	4.866000e+03	4.929000e+03	1.410600e+04	9.422000e+03	9.700000e+02	8.598000e+03	1.378000e+03	4.790000e+02	4.001000e+03	1.653000e+03	2.851000e+03	2.540000e+02	1.007000e+03	7.820000e+02	5.346000e+03	5.605000e+03	6.100000e+01	3.300000e+01	8.900000e+01	6.200000e+01	4.500000e+01	4.800000e+01	2.700000e+01	8.600000e+01	2.993000e+03	6.940000e+02	1.696000e+03	4.500000e+02	3.670000e+02	9.700000e+01	9.200000e+03	4.508000e+03	5.838000e+03	6.288000e+03	6.580000e+02	2.270000e+02	5.347000e+03	7.830000e+02	2.392000e+04	1.798300e+04	2.070000e+03	2.576300e+04	1.020300e+04	8.051000e+03	5.818000e+03	1.059400e+04	2.129900e+04	4.337000e+03	1.091000e+03	7.440000e+02	3.020000e+02	5.800000e+01
3.000000e+01	2.500000e+01	1.500000e+01	1.800000e+01	1.700000e+01	7.500000e+01	1.270000e+02	3.970000e+02	3.900000e+01	5.800000e+01	8.870000e+02	1.780000e+02	1.690000e+02	7.065000e+03	3.905000e+03	3.570000e+02	1.719000e+03	2.520000e+02	2.122000e+03	1.146000e+03	1.236000e+03	8.210000e+02	3.860000e+02	6.020000e+02	3.633000e+03	1.448000e+03	1.082000e+03	4.809000e+03	3.620000e+02	3.400000e+01	4.200000e+01	2.500000e+01	1.270000e+02	3.500000e+01	1.800000e+01	4.200000e+01	7.200000e+01	1.383000e+03	8.530000e+02	7.530000e+02	9.520000e+02	2.220000e+02	6.210000e+02	3.799000e+03	6.190000e+03	1.537000e+04	6.038000e+03	2.960000e+02	1.883000e+03	1.739300e+04	1.126900e+04	3.210000e+02	3.030000e+02	3.159000e+03	1.355300e+04	2.850000e+02	6.004000e+03	5.451000e+03	9.630000e+02	4.220000e+03	1.185800e+04	5.100000e+02	3.970000e+02	5.000000e+02
2.200000e+01	2.500000e+01	2.100000e+01	1.600000e+01	2.400000e+01	2.600000e+01	3.200000e+01	4.400000e+01	1.620000e+02	3.640000e+02	7.680000e+02	6.742000e+03	2.390000e+02	1.495900e+04	1.037100e+04	3.580000e+02	1.614000e+03	2.717000e+03	1.200000e+02	3.108000e+03	2.557000e+03	3.530000e+02	4.798000e+03	2.040000e+02	4.950000e+02	3.290000e+02	3.940000e+02	7.220000e+02	1.240000e+02	5.300000e+01	6.800000e+01	3.600000e+01	5.000000e+01	2.700000e+01	2.900000e+01	5.400000e+01	9.500000e+02	4.255000e+03	2.437000e+03	3.650000e+02	5.660000e+02	1.636000e+03	5.510000e+02	1.323300e+04	1.310900e+04	1.431300e+04	3.360000e+02	5.160000e+02	4.689000e+03	1.609900e+04	1.943500e+04	2.387000e+03	4.390000e+03	1.184000e+03	2.113000e+03	3.310000e+02	1.417600e+04	2.158000e+03	1.765300e+04	2.260000e+02	3.830000e+03	9.180000e+02	2.470000e+02	1.346000e+03
1.300000e+01	2.100000e+01	1.900000e+01	3.300000e+01	4.400000e+01	1.170000e+02	1.000000e+02	1.400000e+01	4.920000e+02	1.320000e+02	3.604000e+03	9.260000e+02	1.583000e+03	1.830000e+02	4.712000e+03	9.810000e+03	9.491000e+03	5.580000e+02	3.510000e+03	1.257000e+03	4.875000e+03	2.126000e+03	3.249000e+03	1.030000e+02	1.594000e+03	8.293000e+03	7.972000e+03	2.710000e+02	3.245000e+03	4.100000e+01	2.600000e+01	2.000000e+01	3.800000e+01	5.100000e+01	2.700000e+01	6.530000e+02	1.744000e+03	3.200000e+02	3.210000e+03	1.006600e+04	6.042000e+03	1.874000e+03	2.101000e+03	1.956000e+03	9.604000e+03	2.150000e+02	8.810000e+02	4.852000e+03	9.060000e+02	3.527000e+03	6.502000e+03	1.116000e+03	1.759900e+04	1.032000e+03	5.107000e+03	9.513000e+03	9.683000e+03	5.263000e+03	8.510000e+02	9.400000e+02	1.187000e+03	5.660000e+02	6.200000e+01	2.800000e+01
1.700000e+01	1.400000e+01	2.000000e+01	1.900000e+01	2.400000e+01	2.100000e+01	5.900000e+01	1.020000e+02	1.680000e+02	1.070000e+02	3.660000e+02	1.390000e+02	1.382000e+03	7.310000e+02	1.313400e+04	3.787000e+03	1.331000e+03	5.814000e+03	1.191000e+03	1.207400e+04	1.982500e+04	1.186600e+04	6.986000e+03	4.380000e+02	2.190000e+02	6.550000e+02	2.560000e+02	6.933000e+03	1.927600e+04	8.800000e+01	3.500000e+01	1.070000e+02	2.200000e+01	5.000000e+01	1.980000e+02	2.000000e+01	9.720000e+02	1.062700e+04	1.931200e+04	2.870000e+02	1.731100e+04	1.979100e+04	4.063000e+03	2.512000e+03	1.486000e+03	1.434900e+04	2.010000e+02	8.750000e+02	3.244000e+03	9.930000e+02	1.688000e+03	1.129200e+04	3.760000e+02	1.952000e+03	2.592300e+04	9.100000e+02	9.002000e+03	1.580000e+02	2.071000e+03	3.400000e+03	3.291000e+03	4.970000e+02	5.370000e+02	2.200000e+01
1.500000e+01	1.600000e+01	2.100000e+01	1.600000e+01	2.100000e+01	2.100000e+01	3.200000e+01	4.400000e+01	1.000000e+02	2.400000e+02	1.174000e+03	4.460000e+02	3.859000e+03	1.796000e+03	4.620000e+02	2.875000e+03	4.080000e+02	6.375000e+03	5.190000e+02	7.620000e+02	6.780000e+02	7.500000e+02	6.041000e+03	2.789000e+03	1.585000e+03	2.016000e+03	8.274000e+03	1.840000e+03	5.660000e+02	1.520000e+02	3.400000e+01	4.300000e+01	3.300000e+01	5.900000e+01	5.300000e+01	3.130000e+02	4.569000e+03	2.217000e+03	4.189000e+03	1.020000e+03	3.740000e+02	7.639000e+03	2.348000e+03	1.163600e+04	2.387000e+03	4.849000e+03	8.740000e+02	1.661100e+04	3.605000e+03	6.620000e+02	7.418000e+03	5.901000e+03	6.837000e+03	1.134600e+04	1.971400e+04	1.738000e+03	1.661500e+04	1.798000e+03	1.907000e+03	2.582000e+03	3.017000e+03	1.710000e+02	2.940000e+02	1.440000e+02
1.900000e+01	2.000000e+01	1.700000e+01	2.100000e+01	1.300000e+01	1.800000e+01	2.200000e+01	3.200000e+01	3.300000e+01	7.800000e+01	1.440000e+02	1.470000e+02	2.870000e+02	7.980000e+02	2.268000e+03	3.824000e+03	7.420000e+02	9.174000e+03	2.837000e+03	4.253000e+03	1.665000e+03	1.713000e+03	1.475000e+03	7.820000e+03	9.974000e+03	3.612000e+03	1.077000e+03	2.037000e+03	3.080000e+02	4.700000e+01	1.100000e+02	2.400000e+01	6.700000e+01	3.800000e+01	3.800000e+01	5.000000e+01	1.047000e+03	2.362000e+03	1.540000e+02	4.260000e+02	1.143000e+03	2.054000e+03	9.460000e+02	1.250800e+04	5.953000e+03	7.602000e+03	5.712000e+03	1.680000e+02	9.204000e+03	1.099000e+03	3.369000e+03	9.531000e+03	8.720000e+02	1.236000e+03	4.890000e+02	1.577000e+03	3.527000e+03	7.766000e+03	8.901000e+03	1.947000e+03	6.630000e+02	7.990000e+02	3.310000e+02	4.900000e+01
1.600000e+01	2.600000e+01	1.600000e+01	2.300000e+01	1.600000e+01	2.400000e+01	7.700000e+01	2.900000e+01	2.100000e+02	6.010000e+02	5.390000e+02	2.510000e+02	3.764000e+03	7.346000e+03	1.724000e+03	3.680000e+03	3.295000e+03	3.300000e+03	1.516000e+04	9.560000e+02	1.614000e+03	2.531000e+03	1.670000e+03	3.626000e+03	5.142000e+03	1.200000e+03	1.533000e+03	2.600000e+02	6.480000e+02	5.100000e+01	3.000000e+01	2.900000e+01	1.440000e+02	1.400000e+02	7.300000e+01	2.610000e+02	2.463000e+03	2.641000e+03	1.402000e+03	3.490000e+02	1.039600e+04	5.638000e+03	8.832000e+03	2.388000e+03	8.962000e+03	5.462000e+03	3.496000e+03	6.754000e+03	2.903000e+03	5.265000e+03	6.520000e+02	1.011300e+04	1.639000e+03	1.405900e+04	2.321000e+03	3.214000e+03	2.049000e+03	1.208700e+04	2.330000e+03	5.700000e+01	4.862000e+03	2.660000e+02	3.420000e+02	5.600000e+01
2.400000e+01	1.600000e+01	1.700000e+01	1.900000e+01	1.200000e+01	1.900000e+01	1.200000e+01	9.400000e+01	2.680000e+02	3.300000e+01	3.920000e+02	2.370000e+02	3.240000e+02	6.360000e+02	7.410000e+03	1.028700e+04	6.880000e+02	3.174000e+03	5.400000e+02	3.180000e+02	6.601000e+03	2.048000e+03	1.188500e+04	2.723100e+04	2.720000e+02	2.611200e+04	8.727000e+03	1.304000e+03	2.980000e+02	5.700000e+01	3.000000e+01	5.800000e+01	7.200000e+01	1.490000e+02	1.100000e+02	5.000000e+01	1.960000e+02	4.485000e+03	1.087800e+04	1.543000e+03	2.250000e+03	2.047000e+03	7.887000e+03	6.380000e+02	7.383000e+03	8.049000e+03	4.867000e+03	7.320000e+02	2.135000e+03	1.057000e+04	1.189600e+04	4.734000e+03	3.380000e+02	2.158000e+03	8.460000e+02	1.469500e+04	6.560000e+03	6.830000e+02	8.160000e+02	2.936000e+03	2.875000e+03	5.700000e+01	5.680000e+02	2.300000e+01
2.200000e+01	2.400000e+01	1.800000e+01	2.400000e+01	2.400000e+01	1.800000e+01	3.600000e+01	3.000000e+01	3.300000e+01	7.400000e+01	4.100000e+01	1.139000e+03	8.200000e+01	5.200000e+01	7.270000e+03	1.730000e+03	2.818000e+03	2.950000e+03	2.635000e+03	2.847000e+03	1.629000e+03	2.830900e+04	8.270000e+02	2.070000e+04	3.154000e+03	4.690000e+02	2.349000e+03	4.690000e+03	1.169200e+04	3.300000e+01	3.600000e+01	1.420000e+02	1.200000e+02	2.000000e+01	5.700000e+01	8.991000e+03	1.630000e+02	1.010900e+04	6.158000e+03	1.600000e+03	1.122000e+04	2.401200e+04	5.194000e+03	7.280000e+02	6.414000e+03	1.977000e+03	1.057000e+03	1.169200e+04	1.525600e+04	1.845000e+03	5.760000e+02	9.510000e+02	6.790000e+02	9.114000e+03	1.527000e+03	5.932000e+03	3.224000e+03	1.371800e+04	5.037000e+03	2.759000e+03	1.634000e+03	6.060000e+02	3.100000e+01	1.600000e+02
1.900000e+01	1.700000e+01	2.100000e+01	1.400000e+01	1.300000e+01	1.700000e+01	2.300000e+01	4.500000e+01	1.200000e+02	1.200000e+02	1.940000e+02	9.780000e+02	2.360000e+02	3.720000e+02	8.840000e+02	2.340000e+02	7.030000e+02	4.078000e+03	9.430000e+02	9.990000e+02	1.726000e+03	1.349300e+04	4.619000e+03	2.270000e+02	1.050900e+04	2.630000e+02	2.910000e+02	7.310000e+02	9.280000e+02	3.600000e+01	2.100000e+01	5.100000e+01	4.300000e+01	2.900000e+01	3.700000e+01	6.700000e+01	3.600000e+02	7.537000e+03	1.130000e+03	2.882000e+03	1.910000e+02	7.000000e+02	2.886000e+03	2.680000e+02	1.397000e+03	6.107000e+03	2.314000e+03	2.329000e+03	2.431100e+04	2.417000e+03	7.183000e+03	3.647000e+03	2.277000e+03	4.370000e+02	5.781000e+03	2.320000e+02	3.260000e+02	5.756000e+03	1.088900e+04	3.481000e+03	1.022000e+03	3.390000e+02	6.070000e+02	3.500000e+01
2.100000e+01	2.100000e+01	1.900000e+01	9.000000e+00	2.000000e+01	1.300000e+01	2.400000e+01	5.400000e+01	6.300000e+01	8.800000e+01	5.300000e+01	8.400000e+01	8.200000e+01	3.280000e+02	1.679000e+03	1.108000e+03	4.916000e+03	1.246000e+03	2.719000e+03	3.212000e+03	4.432000e+03	3.918000e+03	4.367000e+03	7.207000e+03	2.340000e+03	6.816000e+03	7.380000e+02	9.281000e+03	4.700000e+01	2.500000e+01	3.000000e+01	6.800000e+01	7.600000e+01	7.300000e+01	2.680000e+02	3.300000e+01	3.729000e+03	1.207000e+03	1.132200e+04	2.103000e+03	4.900000e+01	3.190000e+02	8.710000e+02	2.319400e+04	2.182000e+03	9.050000e+02	1.826000e+03	7.541000e+03	1.596000e+03	3.858000e+03	8.763000e+03	7.300000e+01	1.146000e+03	4.080000e+02	2.583000e+03	7.770000e+02	1.376200e+04	6.131000e+03	3.621000e+03	7.400000e+01	4.120000e+02	1.150000e+02	4.000000e+01	1.510000e+02
1.600000e+01	1.900000e+01	1.200000e+01	2.000000e+01	1.700000e+01	1.500000e+01	2.200000e+01	2.400000e+01	2.200000e+01	2.860000e+02	4.800000e+01	7.700000e+01	2.660000e+02	1.140000e+02	1.400000e+02	5.000000e+01	5.000000e+01	4.470000e+02	4.430000e+02	6.170000e+02	3.920000e+02	2.410000e+03	1.940000e+03	2.380000e+02	1.136000e+03	5.234000e+03	9.430000e+02	5.430000e+02	1.800000e+02	1.260000e+02	3.100000e+01	6.200000e+01	1.160000e+02	1.160000e+02	2.700000e+01	1.930000e+02	1.737000e+03	4.805000e+03	2.858000e+03	7.219000e+03	6.170000e+02	4.403000e+03	3.760000e+03	2.267000e+03	2.061000e+03	8.094000e+03	5.019000e+03	1.750000e+02	7.135000e+03	3.016000e+03	5.500000e+01	2.933000e+03	6.800000e+01	2.253000e+03	1.019000e+03	3.575000e+03	3.182000e+03	3.498000e+03	2.398000e+03	2.565000e+03	3.800000e+02	2.330000e+02	1.610000e+02	5.700000e+01
2.300000e+01	2.300000e+01	2.600000e+01	2.500000e+01	1.600000e+01	1.600000e+01	1.900000e+01	1.300000e+01	4.100000e+01	7.700000e+01	5.900000e+01	6.500000e+01	1.517000e+03	1.007000e+03	9.080000e+02	1.191000e+03	8.640000e+02	1.081000e+04	2.960000e+02	3.520000e+02	4.350000e+02	8.230000e+02	2.767000e+03	2.127000e+03	2.180000e+02	9.540000e+02	4.500000e+02	6.010000e+02	1.159000e+03	7.900000e+01	4.310000e+02	4.600000e+01	2.800000e+01	2.800000e+01	3.800000e+01	1.060000e+02	2.720000e+03	4.390000e+02	1.374000e+03	1.012400e+04	9.740000e+03	6.466000e+03	5.301000e+03	2.011000e+03	1.612000e+03	7.905000e+03	4.026000e+03	8.450000e+03	3.340000e+02	7.210000e+02	8.000000e+01	5.500000e+01	5.000000e+02	3.347000e+03	4.740000e+02	9.580000e+02	8.400000e+01	1.330000e+02	8.600000e+01	1.720000e+02	4.940000e+02	3.210000e+02	5.400000e+01	7.700000e+01
1.500000e+01	1.400000e+01	1.400000e+01	2.300000e+01	2.000000e+01	1.900000e+01	2.100000e+01	2.500000e+01	3.400000e+01	3.600000e+01	1.900000e+01	2.290000e+02	2.870000e+02	6.770000e+02	6.800000e+01	3.313000e+03	8.181000e+03	9.809000e+03	1.966000e+03	2.527000e+03	2.827000e+03	3.085000e+03	4.760000e+03	8.080000e+02	3.745000e+03	2.150000e+03	2.738000e+03	1.684000e+03	4.616000e+03	4.500000e+01	6.700000e+01	4.550000e+02	1.560000e+02	1.970000e+02	3.700000e+01	3.400000e+01	5.208000e+03	8.390000e+02	2.880000e+02	7.120000e+02	2.099000e+03	2.950000e+03	6.500000e+01	7.300000e+02	7.827000e+03	7.720000e+02	9.520000e+02	3.371000e+03	9.080000e+02	6.290000e+02	3.005000e+03	3.420000e+02	9.570000e+02	6.151000e+03	4.683000e+03	2.470000e+02	9.090000e+02	7.110000e+02	2.830000e+02	9.100000e+01	3.300000e+02	2.090000e+02	2.200000e+01	2.500000e+01
2.300000e+01	2.200000e+01	1.600000e+01	1.700000e+01	1.700000e+01	2.300000e+01	2.500000e+01	2.400000e+01	4.200000e+01	4.800000e+01	9.600000e+01	7.900000e+01	1.160000e+02	6.510000e+02	1.780000e+03	8.980000e+02	7.800000e+02	4.040000e+03	9.550000e+02	7.650000e+02	2.700000e+02	1.285000e+03	2.554000e+03	2.810000e+03	3.230000e+02	1.183000e+03	7.270000e+02	1.118000e+04	1.859000e+03	2.100000e+01	2.200000e+01	9.980000e+02	2.190000e+02	6.800000e+01	4.200000e+01	7.900000e+01	9.288000e+03	5.590000e+02	1.243000e+03	2.930000e+03	9.460000e+02	5.483000e+03	4.200000e+02	1.534000e+03	2.740000e+03	1.290000e+02	1.542000e+03	1.545000e+03	3.820000e+02	1.080000e+02	8.450000e+02	6.260000e+02	1.275000e+03	3.860000e+02	1.080000e+03	1.260000e+02	8.700000e+01	8.280000e+02	9.930000e+02	7.500000e+01	4.370000e+02	5.600000e+01	2.600000e+01	2.200000e+01
1.200000e+01	2.800000e+01	1.800000e+01	2.400000e+01	1.700000e+01	1.800000e+01	2.200000e+01	1.800000e+01	2.600000e+01	4.200000e+01	4.000000e+01	4.900000e+01	2.200000e+01	4.610000e+02	2.820000e+02	6.280000e+02	1.034000e+03	1.160000e+02	3.480000e+02	6.670000e+02	2.010000e+02	8.530000e+02	1.213000e+03	8.304000e+03	4.460000e+02	2.804000e+03	3.530000e+02	6.644000e+03	1.395000e+03	2.500000e+01	4.900000e+01	4.400000e+01	7.000000e+01	4.500000e+01	2.100000e+01	3.200000e+01	2.825000e+03	1.114000e+03	2.940000e+02	1.168000e+03	3.090000e+02	1.200000e+02	3.010000e+02	1.350000e+02	4.337000e+03	5.830000e+02	2.222000e+03	1.696000e+03	1.582000e+03	1.220000e+02	2.180000e+02	2.423000e+03	3.630000e+02	1.067000e+03	4.090000e+02	4.171000e+03	5.941000e+03	1.720000e+02	1.070000e+03	6.520000e+02	1.780000e+02	1.010000e+02	4.500000e+01	3.500000e+01
1.200000e+01	1.900000e+01	2.300000e+01	2.700000e+01	1.400000e+01	1.800000e+01	2.100000e+01	1.600000e+01	2.000000e+01	1.400000e+01	3.700000e+01	4.300000e+02	1.040000e+02	5.100000e+01	4.200000e+01	2.648000e+03	9.500000e+01	8.610000e+02	7.220000e+02	1.000000e+02	2.880000e+03	1.102000e+03	1.133000e+03	4.270000e+03	1.219000e+03	1.605000e+03	1.540000e+03	1.480000e+02	1.534000e+03	6.400000e+01	2.500000e+01	4.300000e+01	5.850000e+02	5.600000e+01	4.300000e+01	1.262000e+03	4.790000e+02	5.250000e+02	4.220000e+02	1.610000e+02	2.200000e+02	4.480000e+03	6.820000e+02	1.613000e+03	3.180000e+02	1.190000e+03	7.130000e+02	1.800000e+02	9.770000e+02	2.791000e+03	1.196000e+03	3.050000e+02	5.320000e+02	2.710000e+02	3.490000e+02	1.106000e+03	4.800000e+01	1.530000e+02	6.050000e+02	3.980000e+02	5.500000e+01	3.600000e+01	4.000000e+01	1.600000e+01
1.400000e+01	2.000000e+01	1.400000e+01	1.900000e+01	1.200000e+01	2.100000e+01	1.900000e+01	2.200000e+01	2.400000e+01	4.900000e+01	2.900000e+01	2.500000e+01	1.560000e+02	1.070000e+02	7.100000e+01	1.330000e+02	3.790000e+02	1.489000e+03	2.746000e+03	9.900000e+01	5.370000e+02	6.700000e+01	1.820000e+02	3.300000e+02	4.940000e+02	1.022500e+04	1.095000e+03	2.800000e+03	3.580000e+03	1.060000e+02	1.300000e+02	5.600000e+01	1.310000e+02	1.570000e+02	5.600000e+01	1.140000e+03	2.323000e+03	7.380000e+02	6.380000e+02	2.549000e+03	2.870000e+02	1.350000e+03	1.330000e+02	9.140000e+02	6.990000e+02	1.875000e+03	9.870000e+02	2.820000e+02	9.480000e+02	1.000000e+02	4.270000e+02	5.340000e+02	4.776000e+03	9.100000e+02	3.827000e+03	1.173000e+03	3.120000e+02	1.170000e+02	6.600000e+01	8.100000e+01	4.400000e+01	4.000000e+01	2.000000e+01	2.300000e+01
1.700000e+01	1.700000e+01	1.800000e+01	1.800000e+01	1.900000e+01	2.300000e+01	2.100000e+01	2.700000e+01	2.800000e+01	1.600000e+01	1.500000e+01	2.040000e+02	7.600000e+01	3.600000e+01	1.180000e+02	9.750000e+02	4.680000e+02	2.104000e+03	4.030000e+02	1.273000e+03	3.760000e+02	1.410000e+02	1.909000e+03	5.580000e+02	3.000000e+01	2.366000e+03	1.352000e+03	1.231000e+03	5.400000e+01	1.100000e+02	5.300000e+01	2.740000e+02	7.500000e+01	8.400000e+01	2.700000e+01	1.080000e+02	1.730000e+03	6.340000e+02	1.657000e+03	2.310000e+02	1.220000e+02	3.480000e+02	5.020000e+02	4.420000e+02	1.780000e+02	6.460000e+02	1.042000e+03	3.760000e+02	7.800000e+01	6.410000e+02	2.316000e+03	8.070000e+02	4.740000e+02	4.180000e+02	1.380000e+03	1.074000e+03	1.540000e+02	1.330000e+02	1.170000e+02	4.100000e+01	3.600000e+01	2.000000e+01	2.000000e+01	1.400000e+01
2.000000e+01	2.100000e+01	2.200000e+01	2.000000e+01	1.600000e+01	1.600000e+01	1.600000e+01	1.600000e+01	2.200000e+01	1.800000e+01	3.600000e+01	5.100000e+01	1.000000e+02	3.500000e+01	8.800000e+01	3.200000e+01	4.790000e+02	1.010000e+02	3.560000e+02	6.400000e+01	5.460000e+02	3.760000e+02	1.067000e+03	8.260000e+02	1.455000e+03	2.700000e+02	5.450000e+02	3.100000e+01	2.680000e+02	3.400000e+01	1.650000e+02	7.600000e+01	3.900000e+01	3.800000e+01	8.100000e+01	3.200000e+01	1.358000e+03	2.200000e+02	1.968000e+03	2.480000e+02	6.550000e+02	1.878000e+03	3.660000e+02	1.740000e+02	2.400000e+02	5.480000e+02	1.390000e+02	1.452000e+03	1.413000e+03	5.410000e+02	9.360000e+02	3.950000e+02	3.450000e+02	1.310000e+02	1.404000e+03	1.009000e+03	1.640000e+02	1.350000e+02	4.600000e+01	2.800000e+01	4.000000e+01	1.700000e+01	1.500000e+01	2.000000e+01
1.700000e+01	1.000000e+01	1.700000e+01	1.800000e+01	1.700000e+01	9.000000e+00	2.500000e+01	2.700000e+01	1.000000e+01	4.900000e+01	2.300000e+01	2.800000e+01	8.700000e+01	1.680000e+02	5.000000e+01	2.400000e+02	3.770000e+02	1.540000e+02	3.360000e+02	5.810000e+02	1.350000e+02	1.900000e+02	4.500000e+02	2.580000e+02	1.564000e+03	1.773000e+03	2.430000e+02	1.580000e+02	2.930000e+02	3.700000e+01	1.020000e+02	3.300000e+01	1.440000e+02	5.300000e+01	3.400000e+01	9.330000e+02	1.890000e+02	1.710000e+02	1.090000e+02	4.200000e+01	5.300000e+01	6.100000e+01	5.390000e+02	3.080000e+02	9.350000e+02	3.320000e+02	1.960000e+02	1.480000e+02	9.130000e+02	6.360000e+02	1.198000e+03	2.208000e+03	9.520000e+02	7.240000e+02	1.922000e+03	3.210000e+02	1.370000e+02	1.010000e+02	4.900000e+01	3.900000e+01	1.600000e+01	1.300000e+01	1.600000e+01	2.100000e+01
2.200000e+01	1.900000e+01	1.700000e+01	1.800000e+01	1.300000e+01	2.300000e+01	2.000000e+01	1.600000e+01	3.900000e+01	2.000000e+01	4.400000e+01	5.700000e+01	3.700000e+01	2.600000e+01	4.500000e+01	1.360000e+02	1.150000e+02	2.060000e+02	1.560000e+02	7.000000e+01	1.950000e+02	4.110000e+02	2.560000e+02	9.300000e+02	1.730000e+02	8.270000e+02	2.200000e+02	1.830000e+02	1.880000e+02	8.700000e+01	2.640000e+02	3.500000e+01	1.540000e+02	1.700000e+02	4.100000e+01	7.900000e+01	1.110000e+02	9.000000e+01	2.570000e+02	1.220000e+02	4.300000e+02	6.300000e+01	1.360000e+02	1.430000e+02	1.710000e+02	1.360000e+02	3.770000e+02	1.617000e+03	1.022000e+03	3.273000e+03	2.890000e+03	4.394000e+03	7.360000e+02	1.021000e+03	7.910000e+02	1.497000e+03	1.640000e+02	3.000000e+01	3.500000e+01	1.500000e+01	1.200000e+01	2.000000e+01	1.900000e+01	1.800000e+01
1.600000e+01	2.000000e+01	2.200000e+01	1.800000e+01	1.200000e+01	1.600000e+01	1.700000e+01	1.300000e+01	1.700000e+01	4.100000e+01	6.900000e+01	3.320000e+02	2.100000e+01	2.600000e+01	5.800000e+01	7.800000e+01	6.300000e+01	1.730000e+02	5.600000e+01	6.700000e+01	9.400000e+01	2.760000e+02	4.060000e+02	6.600000e+01	1.393000e+03	5.420000e+02	5.000000e+01	4.190000e+02	5.000000e+01	3.000000e+01	1.570000e+02	1.040000e+02	6.900000e+01	2.980000e+02	5.300000e+01	1.670000e+02	1.430000e+02	2.430000e+02	4.200000e+01	2.890000e+02	2.960000e+02	5.400000e+01	2.170000e+02	1.590000e+02	9.810000e+02	3.200000e+02	3.340000e+03	9.790000e+02	7.520000e+02	1.878000e+03	1.121000e+03	1.629000e+03	3.630000e+02	5.700000e+01	5.100000e+01	1.670000e+02	4.700000e+01	1.100000e+01	2.100000e+01	1.600000e+01	2.700000e+01	2.000000e+01	1.400000e+01	1.600000e+01
1.500000e+01	1.900000e+01	1.700000e+01	2.000000e+01	2.500000e+01	8.000000e+00	1.500000e+01	1.800000e+01	2.400000e+01	1.600000e+01	4.200000e+01	9.500000e+01	6.300000e+01	1.290000e+02	6.300000e+01	3.380000e+02	4.820000e+02	4.360000e+02	5.250000e+02	2.900000e+01	8.040000e+02	3.920000e+02	3.450000e+02	3.540000e+02	2.155000e+03	2.190000e+02	1.090000e+02	9.000000e+02	4.800000e+01	5.040000e+02	3.000000e+01	3.030000e+02	2.140000e+02	2.000000e+01	8.000000e+01	2.150000e+02	1.070000e+02	5.370000e+02	3.850000e+02	5.910000e+02	7.320000e+02	1.090000e+02	8.250000e+02	7.610000e+02	5.700000e+01	7.650000e+02	1.840000e+02	1.137000e+03	3.199000e+03	1.675000e+03	2.746000e+03	9.370000e+02	2.530000e+02	3.030000e+02	4.330000e+02	4.490000e+02	3.700000e+01	2.700000e+01	1.800000e+01	2.000000e+01	2.300000e+01	1.400000e+01	1.300000e+01	1.700000e+01
2.200000e+01	1.800000e+01	1.700000e+01	2.000000e+01	2.000000e+01	1.400000e+01	1.800000e+01	1.600000e+01	2.400000e+01	3.000000e+01	5.200000e+01	3.800000e+01	4.100000e+01	1.780000e+02	1.390000e+02	4.770000e+02	6.200000e+01	4.140000e+02	7.110000e+02	5.400000e+01	1.360000e+02	6.090000e+02	1.603000e+03	4.730000e+02	1.950000e+02	4.730000e+02	1.055000e+03	1.370000e+02	1.000000e+02	9.600000e+01	4.800000e+01	3.700000e+01	7.600000e+01	1.200000e+02	5.000000e+01	3.400000e+01	2.890000e+02	2.090000e+02	2.400000e+02	1.143000e+03	1.200000e+02	1.700000e+02	1.387000e+03	3.110000e+02	1.028000e+03	2.230000e+02	1.082000e+03	2.510000e+02	1.251000e+03	4.760000e+02	3.210000e+02	4.230000e+02	9.420000e+02	8.500000e+01	7.650000e+02	4.800000e+01	2.100000e+01	2.300000e+01	1.900000e+01	1.700000e+01	2.500000e+01	2.300000e+01	1.300000e+01	1.600000e+01
1.600000e+01	2.600000e+01	1.300000e+01	1.500000e+01	1.700000e+01	1.500000e+01	1.100000e+01	2.100000e+01	1.800000e+01	2.100000e+01	2.100000e+01	4.700000e+01	3.820000e+02	1.130000e+02	2.840000e+02	6.080000e+02	3.630000e+02	4.930000e+02	5.510000e+02	7.290000e+02	1.656000e+03	6.798000e+03	3.130000e+02	1.977000e+03	1.035000e+03	1.795000e+03	1.404000e+03	4.100000e+02	2.270000e+03	2.300000e+01	4.300000e+01	4.900000e+01	9.000000e+01	3.800000e+01	3.700000e+01	2.540000e+02	9.500000e+01	1.000000e+02	1.700000e+02	2.300000e+02	6.160000e+02	2.110000e+02	2.700000e+02	1.908000e+03	3.250000e+02	3.090000e+02	5.460000e+02	3.990000e+02	1.019200e+04	2.650000e+02	5.820000e+02	2.580000e+02	3.550000e+02	3.800000e+01	6.600000e+01	1.700000e+01	2.100000e+01	2.000000e+01	1.400000e+01	1.900000e+01	1.600000e+01	1.600000e+01	1.700000e+01	1.300000e+01
1.600000e+01	1.500000e+01	1.900000e+01	1.300000e+01	1.800000e+01	1.600000e+01	1.600000e+01	1.000000e+01	2.000000e+01	2.900000e+01	2.300000e+01	2.300000e+01	8.300000e+01	1.500000e+02	5.170000e+02	1.340000e+02	9.900000e+01	3.550000e+02	9.900000e+01	2.509000e+03	2.273000e+03	5.830000e+03	2.895000e+03	2.311000e+03	3.750000e+03	4.886000e+03	9.620000e+02	6.012000e+03	8.100000e+01	2.180000e+02	5.500000e+01	2.600000e+01	5.600000e+01	5.500000e+01	1.450000e+02	2.900000e+01	4.340000e+02	7.040000e+02	1.109000e+03	4.730000e+03	9.520000e+02	8.400000e+01	2.058000e+03	1.960000e+02	2.460000e+02	4.520000e+03	6.790000e+02	3.625000e+03	1.274000e+03	1.683000e+03	1.690000e+02	2.200000e+01	1.400000e+01	3.500000e+01	3.600000e+01	1.300000e+01	1.700000e+01	1.700000e+01	1.700000e+01	1.800000e+01	2.000000e+01	2.400000e+01	1.200000e+01	1.900000e+01

