# comment: 
# name: ODMR Spectrum measurement
# metadata: {'created': '2026-05-13T14_07_00', 'description': 'ODMR Spectrum measurement'}
# parameters: {'start_nm': 1000.0, 'end_nm': 1600.0, 'step_nm': 5.0, 'accum_time_ms': 1000, 'number_repetitions': 99999, 'data_points': 121}
# units: {'start_nm': 'nanometers', 'end_nm': 'nanometers', 'step_nm': 'nanometers', 'accum_time_ms': 'milliseconds'}
X1	Y1
1.000000e+03	6.728277e+05
1.005000e+03	6.723512e+05
1.010000e+03	6.720467e+05
1.015000e+03	6.714055e+05
1.020000e+03	6.726506e+05
1.025000e+03	6.714290e+05
1.030000e+03	6.729746e+05
1.035000e+03	6.723465e+05
1.040000e+03	6.728141e+05
1.045000e+03	6.710142e+05
1.050000e+03	6.713333e+05
1.055000e+03	6.726024e+05
1.060000e+03	6.711055e+05
1.065000e+03	6.720121e+05
1.070000e+03	6.722932e+05
1.075000e+03	6.715685e+05
1.080000e+03	6.719930e+05
1.085000e+03	6.721004e+05
1.090000e+03	6.716858e+05
1.095000e+03	6.717759e+05
1.100000e+03	6.708393e+05
1.105000e+03	6.712665e+05
1.110000e+03	6.710322e+05
1.115000e+03	6.705177e+05
1.120000e+03	6.717667e+05
1.125000e+03	6.708441e+05
1.130000e+03	6.709679e+05
1.135000e+03	6.718084e+05
1.140000e+03	6.703051e+05
1.145000e+03	6.697306e+05
1.150000e+03	6.703285e+05
1.155000e+03	6.693934e+05
1.160000e+03	6.698319e+05
1.165000e+03	6.694095e+05
1.170000e+03	6.693848e+05
1.175000e+03	6.693695e+05
1.180000e+03	6.682428e+05
1.185000e+03	6.693363e+05
1.190000e+03	6.683718e+05
1.195000e+03	6.673340e+05
1.200000e+03	6.677431e+05
1.205000e+03	6.677278e+05
1.210000e+03	6.664155e+05
1.215000e+03	6.665139e+05
1.220000e+03	6.670342e+05
1.225000e+03	6.667304e+05
1.230000e+03	6.657944e+05
1.235000e+03	6.663954e+05
1.240000e+03	6.665288e+05
1.245000e+03	6.671367e+05
1.250000e+03	6.664683e+05
1.255000e+03	6.677487e+05
1.260000e+03	6.685171e+05
1.265000e+03	6.668445e+05
1.270000e+03	6.683959e+05
1.275000e+03	6.672465e+05
1.280000e+03	6.669724e+05
1.285000e+03	6.668142e+05
1.290000e+03	6.683635e+05
1.295000e+03	6.679825e+05
1.300000e+03	6.684242e+05
1.305000e+03	6.679189e+05
1.310000e+03	6.679010e+05
1.315000e+03	6.664820e+05
1.320000e+03	6.658497e+05
1.325000e+03	6.672654e+05
1.330000e+03	6.670413e+05
1.335000e+03	6.664564e+05
1.340000e+03	6.675183e+05
1.345000e+03	6.678489e+05
1.350000e+03	6.673670e+05
1.355000e+03	6.652669e+05
1.360000e+03	6.671065e+05
1.365000e+03	6.661121e+05
1.370000e+03	6.669252e+05
1.375000e+03	6.676968e+05
1.380000e+03	6.677015e+05
1.385000e+03	6.690430e+05
1.390000e+03	6.695435e+05
1.395000e+03	6.696705e+05
1.400000e+03	6.694830e+05
1.405000e+03	6.700676e+05
1.410000e+03	6.703865e+05
1.415000e+03	6.699508e+05
1.420000e+03	6.714054e+05
1.425000e+03	6.720480e+05
1.430000e+03	6.706601e+05
1.435000e+03	6.732594e+05
1.440000e+03	6.739500e+05
1.445000e+03	6.731167e+05
1.450000e+03	6.733568e+05
1.455000e+03	6.730377e+05
1.460000e+03	6.752058e+05
1.465000e+03	6.752477e+05
1.470000e+03	6.755637e+05
1.475000e+03	6.763733e+05
1.480000e+03	6.765280e+05
1.485000e+03	6.767223e+05
1.490000e+03	6.790954e+05
1.495000e+03	6.773579e+05
1.500000e+03	6.775827e+05
1.505000e+03	6.789526e+05
1.510000e+03	6.782325e+05
1.515000e+03	6.778319e+05
1.520000e+03	6.800575e+05
1.525000e+03	6.805864e+05
1.530000e+03	6.799739e+05
1.535000e+03	6.803825e+05
1.540000e+03	6.802571e+05
1.545000e+03	6.806256e+05
1.550000e+03	6.808754e+05
1.555000e+03	6.806188e+05
1.560000e+03	6.807362e+05
1.565000e+03	6.824036e+05
1.570000e+03	6.809637e+05
1.575000e+03	6.806819e+05
1.580000e+03	6.817320e+05
1.585000e+03	6.824176e+05
1.590000e+03	6.815801e+05
1.595000e+03	6.813429e+05
1.600000e+03	6.816450e+05
