# comment: ИК область у ФЭУ. Сложно будет интерпретировать. Тут была вторая гармоника, её пришлось отрезать КС10, там полоса среза на 95 нм. В остально, это всё. Скорее всего надо использовать только часть от 500 и до 575 нм (длинна волны x2)
# name: Spectrum measurement
# metadata: {'created': '2026-06-09T15_17_27', 'description': 'Spectrum measurement'}
# parameters: {'start_nm': 400.0, 'end_nm': 600.0, 'step_nm': 0.5, 'accum_time_ms': 250, 'number_repetitions': 1, 'data_points': 0}
# units: {'start_nm': 'nanometers', 'end_nm': 'nanometers', 'step_nm': 'nanometers', 'accum_time_ms': 'milliseconds'}
X1	Y1
6.000000e+02	1.753900e+04
5.999800e+02	1.722900e+04
5.997800e+02	1.682300e+04
5.993900e+02	1.668300e+04
5.987900e+02	1.634800e+04
5.981600e+02	1.632700e+04
5.972000e+02	1.593700e+04
5.965600e+02	1.591700e+04
5.959300e+02	1.598500e+04
5.952800e+02	1.586600e+04
5.943400e+02	1.559200e+04
5.936700e+02	1.536300e+04
5.927500e+02	1.503700e+04
5.920400e+02	1.485400e+04
5.911400e+02	1.486300e+04
5.901900e+02	1.428100e+04
5.892200e+02	1.391200e+04
5.885000e+02	1.373300e+04
5.875300e+02	1.350600e+04
5.865800e+02	1.333500e+04
5.854000e+02	1.288100e+04
5.843500e+02	1.276400e+04
5.834100e+02	1.284700e+04
5.828400e+02	1.278300e+04
5.818300e+02	1.248200e+04
5.812500e+02	1.270000e+04
5.805500e+02	1.274100e+04
5.799300e+02	1.295500e+04
5.792500e+02	1.277300e+04
5.786000e+02	1.270000e+04
5.780300e+02	1.277000e+04
5.773700e+02	1.280500e+04
5.766800e+02	1.273500e+04
5.760400e+02	1.284900e+04
5.754300e+02	1.306500e+04
5.745200e+02	1.293200e+04
5.738800e+02	1.312600e+04
5.732000e+02	1.329400e+04
5.725400e+02	1.352900e+04
5.716100e+02	1.377500e+04
5.709400e+02	1.365100e+04
5.702700e+02	1.386700e+04
5.693700e+02	1.410100e+04
5.686800e+02	1.423000e+04
5.677900e+02	1.438900e+04
5.668200e+02	1.466300e+04
5.662100e+02	1.500600e+04
5.652900e+02	1.522300e+04
5.646100e+02	1.549100e+04
5.637000e+02	1.560300e+04
5.626900e+02	1.537600e+04
5.619300e+02	1.528700e+04
5.610800e+02	1.545800e+04
5.601000e+02	1.522100e+04
5.591800e+02	1.546100e+04
5.582500e+02	1.519300e+04
5.573200e+02	1.500900e+04
5.563200e+02	1.521000e+04
5.553700e+02	1.515800e+04
5.543600e+02	1.491000e+04
5.533300e+02	1.479400e+04
5.523800e+02	1.483800e+04
5.518300e+02	1.431900e+04
5.514300e+02	1.459100e+04
5.505200e+02	1.417800e+04
5.498400e+02	1.426300e+04
5.491200e+02	1.403600e+04
5.482700e+02	1.393600e+04
5.475700e+02	1.363100e+04
5.468300e+02	1.367100e+04
5.460000e+02	1.391300e+04
5.453700e+02	1.395000e+04
5.445900e+02	1.441300e+04
5.434000e+02	1.480300e+04
5.428000e+02	1.459800e+04
5.421000e+02	1.501900e+04
5.412500e+02	1.526300e+04
5.402800e+02	1.562600e+04
5.396200e+02	1.575500e+04
5.387000e+02	1.593100e+04
5.380200e+02	1.627100e+04
5.372800e+02	1.635700e+04
5.361300e+02	1.631800e+04
5.351400e+02	1.652400e+04
5.347100e+02	1.652100e+04
5.341200e+02	1.687800e+04
5.334700e+02	1.680000e+04
5.326100e+02	1.700200e+04
5.312700e+02	1.719600e+04
5.306300e+02	1.726900e+04
5.297100e+02	1.742900e+04
5.291700e+02	1.753300e+04
5.285100e+02	1.724900e+04
5.278400e+02	1.737000e+04
5.270800e+02	1.776400e+04
5.264300e+02	1.765400e+04
5.254700e+02	1.765800e+04
5.248400e+02	1.782100e+04
5.239000e+02	1.770900e+04
5.233000e+02	1.788800e+04
5.226900e+02	1.821900e+04
5.217800e+02	1.798800e+04
5.211300e+02	1.781100e+04
5.201100e+02	1.813400e+04
5.194300e+02	1.794400e+04
5.186900e+02	1.806300e+04
5.178300e+02	1.814500e+04
5.169200e+02	1.817900e+04
5.163000e+02	1.845900e+04
5.155400e+02	1.834800e+04
5.147300e+02	1.894600e+04
5.137200e+02	1.888500e+04
5.130600e+02	1.906000e+04
5.123600e+02	1.898500e+04
5.111100e+02	1.919600e+04
5.105200e+02	1.900800e+04
5.095700e+02	1.921000e+04
5.088400e+02	1.922300e+04
5.083200e+02	1.937400e+04
5.077100e+02	1.930100e+04
5.070500e+02	1.950600e+04
5.060800e+02	1.956800e+04
5.052800e+02	1.960400e+04
5.046200e+02	1.962500e+04
5.040000e+02	1.970900e+04
5.033900e+02	1.990400e+04
5.024400e+02	2.024400e+04
5.018200e+02	2.037500e+04
5.011500e+02	2.033100e+04
5.001900e+02	2.021900e+04
4.996200e+02	2.049000e+04
4.986500e+02	2.062800e+04
4.980200e+02	2.068000e+04
4.973700e+02	2.103100e+04
4.964000e+02	2.096600e+04
4.957600e+02	2.061300e+04
4.947900e+02	2.098800e+04
4.938300e+02	2.109100e+04
4.931600e+02	2.135600e+04
4.925000e+02	2.168300e+04
4.915600e+02	2.113400e+04
4.908500e+02	2.148200e+04
4.900100e+02	2.177900e+04
4.893600e+02	2.155800e+04
4.884000e+02	2.205000e+04
4.874200e+02	2.212500e+04
4.867000e+02	2.215700e+04
4.858400e+02	2.215000e+04
4.849200e+02	2.219200e+04
4.842700e+02	2.233000e+04
4.833300e+02	2.247800e+04
4.823500e+02	2.241500e+04
4.814000e+02	2.233900e+04
4.807200e+02	2.252500e+04
4.797700e+02	2.265000e+04
4.790500e+02	2.294300e+04
4.780800e+02	2.277700e+04
4.772000e+02	2.275100e+04
4.762600e+02	2.327800e+04
4.753200e+02	2.357200e+04
4.744000e+02	2.357900e+04
4.734600e+02	2.350800e+04
4.725000e+02	2.344000e+04
4.717900e+02	2.345400e+04
4.708500e+02	2.332900e+04
4.697900e+02	2.359400e+04
4.688400e+02	2.402900e+04
4.679600e+02	2.421200e+04
4.669900e+02	2.421400e+04
4.660300e+02	2.454600e+04
4.653400e+02	2.446500e+04
4.640500e+02	2.479300e+04
4.631900e+02	2.479300e+04
4.622100e+02	2.502700e+04
4.612100e+02	2.496800e+04
4.602100e+02	2.502900e+04
4.591100e+02	2.486200e+04
4.582300e+02	2.474200e+04
4.575300e+02	2.501700e+04
4.565900e+02	2.479800e+04
4.556400e+02	2.460800e+04
4.550200e+02	2.492400e+04
4.542600e+02	2.489700e+04
4.533200e+02	2.484500e+04
4.523300e+02	2.526400e+04
4.512900e+02	2.543900e+04
4.510700e+02	2.534300e+04
4.503800e+02	2.530200e+04
4.498000e+02	2.575200e+04
4.491100e+02	2.583800e+04
4.481600e+02	2.573300e+04
4.471700e+02	2.565300e+04
4.462000e+02	2.596300e+04
4.455300e+02	2.578100e+04
4.448800e+02	2.577500e+04
4.442300e+02	2.573100e+04
4.437800e+02	2.562700e+04
4.432300e+02	2.565700e+04
4.425400e+02	2.567600e+04
4.416000e+02	2.530500e+04
4.407400e+02	2.545400e+04
4.400400e+02	2.512000e+04
4.393800e+02	2.523200e+04
4.387700e+02	2.514900e+04
4.381000e+02	2.491500e+04
4.374600e+02	2.476200e+04
4.367800e+02	2.493000e+04
4.357200e+02	2.472900e+04
4.355000e+02	2.485000e+04
4.346500e+02	2.506400e+04
4.340000e+02	2.527200e+04
4.333200e+02	2.507800e+04
4.327100e+02	2.442900e+04
4.320700e+02	2.486900e+04
4.314200e+02	2.490900e+04
4.308300e+02	2.475500e+04
4.301300e+02	2.482300e+04
4.294500e+02	2.474900e+04
4.288500e+02	2.489200e+04
4.282200e+02	2.473000e+04
4.275100e+02	2.497800e+04
4.265200e+02	2.463400e+04
4.258900e+02	2.477500e+04
4.252100e+02	2.498800e+04
4.245900e+02	2.463200e+04
4.236400e+02	2.457600e+04
4.229400e+02	2.510500e+04
4.223200e+02	2.484900e+04
4.217300e+02	2.428700e+04
4.211200e+02	2.433800e+04
4.205000e+02	2.423000e+04
4.195400e+02	2.383200e+04
4.189000e+02	2.358300e+04
4.182600e+02	2.317100e+04
4.173200e+02	2.315500e+04
4.166900e+02	2.280100e+04
4.160500e+02	2.263000e+04
4.154000e+02	2.274300e+04
4.147300e+02	2.250000e+04
4.137500e+02	2.252900e+04
4.131300e+02	2.254800e+04
4.125200e+02	2.266600e+04
4.117800e+02	2.284900e+04
4.109800e+02	2.313300e+04
4.100100e+02	2.341300e+04
4.093500e+02	2.327400e+04
4.087000e+02	2.353800e+04
4.080500e+02	2.394400e+04
4.070900e+02	2.405800e+04
4.064300e+02	2.470300e+04
4.058000e+02	2.441600e+04
4.050200e+02	2.432600e+04
4.041600e+02	2.469900e+04
4.031500e+02	2.432500e+04
4.025600e+02	2.456900e+04
4.019400e+02	2.413700e+04
4.009800e+02	2.440200e+04
4.004600e+02	2.458600e+04
4.001200e+02	2.448200e+04
4.000000e+02	2.449000e+04
