# comment: ОДМР SiC. Тут как будто мы были вне линейной области и уменьшение интенсивности люменсценции вызывало рост счёта (были в зашкале, проще говоря)
# name: ODMR Spectrum measurement
# metadata: {'created': '2026-05-07T13_22_47', 'description': 'ODMR Spectrum measurement'}
# parameters: {'start_nm': 1200.0, 'end_nm': 1450.0, 'step_nm': 2.0, 'accum_time_ms': 1000, 'number_repetitions': 999999, 'data_points': 126}
# units: {'start_nm': 'nanometers', 'end_nm': 'nanometers', 'step_nm': 'nanometers', 'accum_time_ms': 'milliseconds'}
X1	Y1	X2	Y2	X3	Y3	X4	Y4	X5	Y5	X6	Y6	X7	Y7	X8	Y8	X9	Y9	X10	Y10	X11	Y11
2.400000e+03	3.866831e+02	1.200000e+03	9.758490e+05	1.200000e+03	9.751100e+05	1.200000e+03	9.733210e+05	1.200000e+03	9.875700e+05	1.200000e+03	9.444330e+05	1.200000e+03	9.575210e+05	1.200000e+03	9.797080e+05	1.200000e+03	9.789780e+05	1.200000e+03	9.897000e+05	1.200000e+03	9.837470e+05
2.404000e+03	3.939769e+02	1.202000e+03	9.752380e+05	1.202000e+03	9.640450e+05	1.202000e+03	9.759970e+05	1.202000e+03	9.687930e+05	1.202000e+03	9.670880e+05	1.202000e+03	9.712700e+05	1.202000e+03	9.788110e+05	1.202000e+03	9.914080e+05	1.202000e+03	9.900210e+05	1.202000e+03	9.777010e+05
2.408000e+03	3.952732e+02	1.204000e+03	9.666900e+05	1.204000e+03	9.685190e+05	1.204000e+03	9.776520e+05	1.204000e+03	9.647210e+05	1.204000e+03	9.607670e+05	1.204000e+03	9.747350e+05	1.204000e+03	9.786230e+05	1.204000e+03	9.805750e+05	1.204000e+03	9.887310e+05	1.204000e+03	9.898040e+05
2.412000e+03	3.952185e+02	1.206000e+03	9.705500e+05	1.206000e+03	9.822720e+05	1.206000e+03	9.838910e+05	1.206000e+03	9.763560e+05	1.206000e+03	9.653450e+05	1.206000e+03	9.732430e+05	1.206000e+03	9.652440e+05	1.206000e+03	9.902350e+05	1.206000e+03	9.919260e+05	1.206000e+03	9.913870e+05
2.416000e+03	3.949536e+02	1.208000e+03	9.688980e+05	1.208000e+03	9.758710e+05	1.208000e+03	9.799860e+05	1.208000e+03	9.732520e+05	1.208000e+03	9.662180e+05	1.208000e+03	9.779120e+05	1.208000e+03	9.888500e+05	1.208000e+03	9.850280e+05	1.208000e+03	9.872090e+05	1.208000e+03	9.906390e+05
2.420000e+03	3.912340e+02	1.210000e+03	9.778210e+05	1.210000e+03	9.840660e+05	1.210000e+03	9.739830e+05	1.210000e+03	9.670150e+05	1.210000e+03	9.638490e+05	1.210000e+03	9.646470e+05	1.210000e+03	9.669700e+05	1.210000e+03	9.901300e+05	1.210000e+03	9.930110e+05	1.210000e+03	9.808510e+05
2.424000e+03	3.970678e+02	1.212000e+03	9.627120e+05	1.212000e+03	9.848370e+05	1.212000e+03	9.734100e+05	1.212000e+03	9.677290e+05	1.212000e+03	9.645390e+05	1.212000e+03	9.451670e+05	1.212000e+03	9.874570e+05	1.212000e+03	9.842290e+05	1.212000e+03	9.902320e+05	1.212000e+03	9.845740e+05
2.428000e+03	4.038018e+02	1.214000e+03	9.714820e+05	1.214000e+03	9.815550e+05	1.214000e+03	9.768800e+05	1.214000e+03	9.798020e+05	1.214000e+03	9.525410e+05	1.214000e+03	9.629720e+05	1.214000e+03	9.805190e+05	1.214000e+03	9.917270e+05	1.214000e+03	9.855030e+05	1.214000e+03	9.885580e+05
2.432000e+03	4.071330e+02	1.216000e+03	9.718760e+05	1.216000e+03	9.785900e+05	1.216000e+03	9.616610e+05	1.216000e+03	9.599000e+05	1.216000e+03	9.576360e+05	1.216000e+03	9.649340e+05	1.216000e+03	9.688660e+05	1.216000e+03	9.786920e+05	1.216000e+03	9.965150e+05	1.216000e+03	9.814550e+05
2.436000e+03	4.037346e+02	1.218000e+03	9.698250e+05	1.218000e+03	9.708690e+05	1.218000e+03	9.912330e+05	1.218000e+03	9.784400e+05	1.218000e+03	9.492130e+05	1.218000e+03	9.715780e+05	1.218000e+03	9.627320e+05	1.218000e+03	9.852210e+05	1.218000e+03	9.878510e+05	1.218000e+03	9.977730e+05
2.440000e+03	4.134958e+02	1.220000e+03	9.639940e+05	1.220000e+03	9.795510e+05	1.220000e+03	9.751610e+05	1.220000e+03	9.891290e+05	1.220000e+03	9.593020e+05	1.220000e+03	9.668560e+05	1.220000e+03	9.637780e+05	1.220000e+03	9.894400e+05	1.220000e+03	9.937780e+05	1.220000e+03	9.803420e+05
2.444000e+03	4.101572e+02	1.222000e+03	9.731300e+05	1.222000e+03	9.764790e+05	1.222000e+03	9.784320e+05	1.222000e+03	9.583430e+05	1.222000e+03	9.587300e+05	1.222000e+03	9.730890e+05	1.222000e+03	9.952350e+05	1.222000e+03	9.934300e+05	1.222000e+03	1.009992e+06	1.222000e+03	9.828340e+05
2.448000e+03	4.133251e+02	1.224000e+03	9.689430e+05	1.224000e+03	9.869810e+05	1.224000e+03	9.761800e+05	1.224000e+03	9.781230e+05	1.224000e+03	9.387750e+05	1.224000e+03	9.412690e+05	1.224000e+03	9.619350e+05	1.224000e+03	9.895400e+05	1.224000e+03	9.941370e+05	1.224000e+03	9.888340e+05
2.452000e+03	4.162957e+02	1.226000e+03	9.718520e+05	1.226000e+03	9.806290e+05	1.226000e+03	9.744960e+05	1.226000e+03	9.615870e+05	1.226000e+03	9.709530e+05	1.226000e+03	9.656810e+05	1.226000e+03	9.874030e+05	1.226000e+03	9.836880e+05	1.226000e+03	9.911930e+05	1.226000e+03	9.825790e+05
2.456000e+03	4.162645e+02	1.228000e+03	9.767340e+05	1.228000e+03	9.795780e+05	1.228000e+03	9.671630e+05	1.228000e+03	9.806850e+05	1.228000e+03	9.605790e+05	1.228000e+03	9.625230e+05	1.228000e+03	9.660120e+05	1.228000e+03	9.825130e+05	1.228000e+03	9.917590e+05	1.228000e+03	9.960350e+05
2.460000e+03	4.242653e+02	1.230000e+03	9.680850e+05	1.230000e+03	9.635860e+05	1.230000e+03	9.754750e+05	1.230000e+03	9.761580e+05	1.230000e+03	9.736770e+05	1.230000e+03	9.391810e+05	1.230000e+03	9.647480e+05	1.230000e+03	9.707690e+05	1.230000e+03	9.900050e+05	1.230000e+03	9.893850e+05
2.464000e+03	4.154896e+02	1.232000e+03	9.653880e+05	1.232000e+03	9.658150e+05	1.232000e+03	9.776320e+05	1.232000e+03	9.787120e+05	1.232000e+03	9.728320e+05	1.232000e+03	9.547140e+05	1.232000e+03	9.671510e+05	1.232000e+03	9.815730e+05	1.232000e+03	9.870300e+05	1.232000e+03	9.824010e+05
2.468000e+03	4.258523e+02	1.234000e+03	9.667380e+05	1.234000e+03	9.798670e+05	1.234000e+03	9.833010e+05	1.234000e+03	9.687420e+05	1.234000e+03	9.640310e+05	1.234000e+03	9.558950e+05	1.234000e+03	9.616890e+05	1.234000e+03	9.862760e+05	1.234000e+03	1.002563e+06	1.234000e+03	1.005970e+06
2.472000e+03	4.219418e+02	1.236000e+03	9.563570e+05	1.236000e+03	9.683560e+05	1.236000e+03	9.796790e+05	1.236000e+03	9.765050e+05	1.236000e+03	9.665370e+05	1.236000e+03	9.534680e+05	1.236000e+03	9.957870e+05	1.236000e+03	9.997810e+05	1.236000e+03	9.896280e+05	1.236000e+03	9.788040e+05
2.476000e+03	4.331678e+02	1.238000e+03	9.691500e+05	1.238000e+03	9.682960e+05	1.238000e+03	9.612080e+05	1.238000e+03	9.577400e+05	1.238000e+03	9.585690e+05	1.238000e+03	9.825770e+05	1.238000e+03	9.879280e+05	1.238000e+03	9.831300e+05	1.238000e+03	9.930750e+05	1.238000e+03	9.749310e+05
2.480000e+03	4.241212e+02	1.240000e+03	9.692890e+05	1.240000e+03	9.723960e+05	1.240000e+03	9.734680e+05	1.240000e+03	9.717150e+05	1.240000e+03	9.468000e+05	1.240000e+03	9.686120e+05	1.240000e+03	9.833930e+05	1.240000e+03	9.748300e+05	1.240000e+03	9.952030e+05	1.240000e+03	1.003150e+06
2.484000e+03	4.289155e+02	1.242000e+03	9.715950e+05	1.242000e+03	9.791140e+05	1.242000e+03	9.727880e+05	1.242000e+03	9.631330e+05	1.242000e+03	9.533830e+05	1.242000e+03	9.578060e+05	1.242000e+03	9.655160e+05	1.242000e+03	9.868100e+05	1.242000e+03	9.967220e+05	1.242000e+03	9.909330e+05
2.488000e+03	4.325577e+02	1.244000e+03	9.730260e+05	1.244000e+03	9.619680e+05	1.244000e+03	9.908710e+05	1.244000e+03	9.803320e+05	1.244000e+03	9.655080e+05	1.244000e+03	9.382910e+05	1.244000e+03	9.748850e+05	1.244000e+03	9.902350e+05	1.244000e+03	1.006356e+06	1.244000e+03	9.789590e+05
2.492000e+03	4.355483e+02	1.246000e+03	9.729390e+05	1.246000e+03	9.730760e+05	1.246000e+03	9.852590e+05	1.246000e+03	9.847760e+05	1.246000e+03	9.591040e+05	1.246000e+03	9.528320e+05	1.246000e+03	9.874410e+05	1.246000e+03	9.912640e+05	1.246000e+03	9.902930e+05	1.246000e+03	9.997270e+05
2.496000e+03	4.369914e+02	1.248000e+03	9.617100e+05	1.248000e+03	9.656100e+05	1.248000e+03	9.557970e+05	1.248000e+03	9.644320e+05	1.248000e+03	9.578030e+05	1.248000e+03	9.607260e+05	1.248000e+03	9.594220e+05	1.248000e+03	9.792440e+05	1.248000e+03	1.007246e+06	1.248000e+03	9.846470e+05
2.500000e+03	4.334507e+02	1.250000e+03	9.471730e+05	1.250000e+03	9.726540e+05	1.250000e+03	9.831350e+05	1.250000e+03	9.771900e+05	1.250000e+03	9.569390e+05	1.250000e+03	9.744640e+05	1.250000e+03	9.761980e+05	1.250000e+03	9.877040e+05	1.250000e+03	9.960030e+05	1.250000e+03	9.926450e+05
2.504000e+03	4.492075e+02	1.252000e+03	9.674180e+05	1.252000e+03	9.784070e+05	1.252000e+03	9.827310e+05	1.252000e+03	9.744860e+05	1.252000e+03	9.543570e+05	1.252000e+03	9.821170e+05	1.252000e+03	9.661030e+05	1.252000e+03	9.871490e+05	1.252000e+03	9.945950e+05	1.252000e+03	9.742560e+05
2.508000e+03	4.493109e+02	1.254000e+03	9.685800e+05	1.254000e+03	9.755090e+05	1.254000e+03	9.823300e+05	1.254000e+03	9.842440e+05	1.254000e+03	9.684240e+05	1.254000e+03	9.833890e+05	1.254000e+03	9.629520e+05	1.254000e+03	9.967530e+05	1.254000e+03	9.808010e+05	1.254000e+03	9.834870e+05
2.512000e+03	4.451801e+02	1.256000e+03	9.600730e+05	1.256000e+03	9.645900e+05	1.256000e+03	9.850150e+05	1.256000e+03	9.774070e+05	1.256000e+03	9.594080e+05	1.256000e+03	9.572910e+05	1.256000e+03	9.601990e+05	1.256000e+03	9.895930e+05	1.256000e+03	9.942920e+05	1.256000e+03	1.001613e+06
2.516000e+03	4.485691e+02	1.258000e+03	9.651600e+05	1.258000e+03	9.789380e+05	1.258000e+03	9.810940e+05	1.258000e+03	9.763050e+05	1.258000e+03	9.651130e+05	1.258000e+03	9.485410e+05	1.258000e+03	9.616870e+05	1.258000e+03	9.714890e+05	1.258000e+03	9.925290e+05	1.258000e+03	1.001405e+06
2.520000e+03	4.521876e+02	1.260000e+03	9.591290e+05	1.260000e+03	9.689210e+05	1.260000e+03	9.748710e+05	1.260000e+03	9.624290e+05	1.260000e+03	9.632820e+05	1.260000e+03	9.766950e+05	1.260000e+03	9.948960e+05	1.260000e+03	9.894340e+05	1.260000e+03	9.947140e+05	1.260000e+03	9.739750e+05
2.524000e+03	4.515232e+02	1.262000e+03	9.684160e+05	1.262000e+03	9.706480e+05	1.262000e+03	9.690150e+05	1.262000e+03	9.847570e+05	1.262000e+03	9.367070e+05	1.262000e+03	9.547040e+05	1.262000e+03	9.839830e+05	1.262000e+03	9.727210e+05	1.262000e+03	9.850140e+05	1.262000e+03	9.855590e+05
2.528000e+03	4.590340e+02	1.264000e+03	9.686390e+05	1.264000e+03	9.764570e+05	1.264000e+03	9.909820e+05	1.264000e+03	9.800220e+05	1.264000e+03	9.713780e+05	1.264000e+03	9.727360e+05	1.264000e+03	9.846120e+05	1.264000e+03	9.923810e+05	1.264000e+03	1.008427e+06	1.264000e+03	9.908880e+05
2.532000e+03	4.615169e+02	1.266000e+03	9.742940e+05	1.266000e+03	9.670000e+05	1.266000e+03	9.771020e+05	1.266000e+03	9.688020e+05	1.266000e+03	9.648590e+05	1.266000e+03	9.574970e+05	1.266000e+03	9.775010e+05	1.266000e+03	9.891440e+05	1.266000e+03	9.980680e+05	1.266000e+03	9.984840e+05
2.536000e+03	4.562694e+02	1.268000e+03	9.668170e+05	1.268000e+03	9.605410e+05	1.268000e+03	9.865940e+05	1.268000e+03	9.860130e+05	1.268000e+03	9.646160e+05	1.268000e+03	9.532130e+05	1.268000e+03	9.884120e+05	1.268000e+03	9.703090e+05	1.268000e+03	9.896110e+05	1.268000e+03	9.782790e+05
2.540000e+03	4.554987e+02	1.270000e+03	9.774470e+05	1.270000e+03	9.743410e+05	1.270000e+03	9.547940e+05	1.270000e+03	9.740880e+05	1.270000e+03	9.627650e+05	1.270000e+03	9.591850e+05	1.270000e+03	9.685110e+05	1.270000e+03	9.781560e+05	1.270000e+03	9.849490e+05	1.270000e+03	1.001882e+06
2.544000e+03	4.708549e+02	1.272000e+03	9.496700e+05	1.272000e+03	9.767030e+05	1.272000e+03	9.713310e+05	1.272000e+03	9.742970e+05	1.272000e+03	9.708880e+05	1.272000e+03	9.533570e+05	1.272000e+03	9.874250e+05	1.272000e+03	9.948250e+05	1.272000e+03	9.921860e+05	1.272000e+03	1.002476e+06
2.548000e+03	4.725133e+02	1.274000e+03	9.606400e+05	1.274000e+03	9.858670e+05	1.274000e+03	9.916140e+05	1.274000e+03	9.808890e+05	1.274000e+03	9.711430e+05	1.274000e+03	9.651490e+05	1.274000e+03	9.858290e+05	1.274000e+03	9.855660e+05	1.274000e+03	9.911800e+05	1.274000e+03	9.933970e+05
2.552000e+03	4.639184e+02	1.276000e+03	9.745720e+05	1.276000e+03	9.812430e+05	1.276000e+03	9.811620e+05	1.276000e+03	9.712550e+05	1.276000e+03	9.411160e+05	1.276000e+03	9.561820e+05	1.276000e+03	9.831760e+05	1.276000e+03	9.977960e+05	1.276000e+03	1.001342e+06	1.276000e+03	9.809390e+05
2.556000e+03	4.809306e+02	1.278000e+03	9.913080e+05	1.278000e+03	9.743810e+05	1.278000e+03	9.596550e+05	1.278000e+03	9.865140e+05	1.278000e+03	9.605310e+05	1.278000e+03	9.432320e+05	1.278000e+03	9.731220e+05	1.278000e+03	9.850190e+05	1.278000e+03	9.995420e+05	1.278000e+03	1.000176e+06
2.560000e+03	4.783485e+02	1.280000e+03	9.856610e+05	1.280000e+03	9.767000e+05	1.280000e+03	9.886000e+05	1.280000e+03	9.814620e+05	1.280000e+03	9.542970e+05	1.280000e+03	9.537600e+05	1.280000e+03	1.002369e+06	1.280000e+03	9.757780e+05	1.280000e+03	9.949630e+05	1.280000e+03	9.908930e+05
2.564000e+03	4.792480e+02	1.282000e+03	9.611660e+05	1.282000e+03	9.691780e+05	1.282000e+03	9.938970e+05	1.282000e+03	9.891320e+05	1.282000e+03	9.299020e+05	1.282000e+03	9.674800e+05	1.282000e+03	9.910710e+05	1.282000e+03	9.943050e+05	1.282000e+03	1.000015e+06	1.282000e+03	9.991340e+05
2.568000e+03	4.784022e+02	1.284000e+03	9.863910e+05	1.284000e+03	9.748620e+05	1.284000e+03	9.833530e+05	1.284000e+03	9.709610e+05	1.284000e+03	9.398620e+05	1.284000e+03	9.554940e+05	1.284000e+03	9.763970e+05	1.284000e+03	9.831120e+05	1.284000e+03	9.997530e+05	1.284000e+03	1.019472e+06
2.572000e+03	4.768891e+02	1.286000e+03	9.698120e+05	1.286000e+03	9.600820e+05	1.286000e+03	9.916900e+05	1.286000e+03	9.776880e+05	1.286000e+03	9.527970e+05	1.286000e+03	9.528360e+05	1.286000e+03	9.721080e+05	1.286000e+03	9.986560e+05	1.286000e+03	1.001748e+06	1.286000e+03	1.002603e+06
2.576000e+03	4.851364e+02	1.288000e+03	9.825060e+05	1.288000e+03	9.766180e+05	1.288000e+03	9.801250e+05	1.288000e+03	9.787900e+05	1.288000e+03	9.687170e+05	1.288000e+03	9.718030e+05	1.288000e+03	9.927320e+05	1.288000e+03	9.807280e+05	1.288000e+03	9.923920e+05	1.288000e+03	9.905220e+05
2.580000e+03	4.910687e+02	1.290000e+03	9.559170e+05	1.290000e+03	9.787000e+05	1.290000e+03	9.844910e+05	1.290000e+03	9.706210e+05	1.290000e+03	9.810040e+05	1.290000e+03	9.733790e+05	1.290000e+03	9.742580e+05	1.290000e+03	9.839510e+05	1.290000e+03	9.962800e+05	1.290000e+03	9.853070e+05
2.584000e+03	4.909659e+02	1.292000e+03	9.760540e+05	1.292000e+03	9.613220e+05	1.292000e+03	9.827670e+05	1.292000e+03	9.714740e+05	1.292000e+03	9.611530e+05	1.292000e+03	9.641160e+05	1.292000e+03	9.717690e+05	1.292000e+03	9.903490e+05	1.292000e+03	9.898820e+05	1.292000e+03	9.938940e+05
2.588000e+03	4.979737e+02	1.294000e+03	9.873150e+05	1.294000e+03	9.886670e+05	1.294000e+03	9.815160e+05	1.294000e+03	9.588110e+05	1.294000e+03	9.335440e+05	1.294000e+03	9.853560e+05	1.294000e+03	9.826210e+05	1.294000e+03	9.813380e+05	1.294000e+03	1.016661e+06	1.294000e+03	9.993750e+05
2.592000e+03	4.938991e+02	1.296000e+03	9.697080e+05	1.296000e+03	9.745080e+05	1.296000e+03	9.782900e+05	1.296000e+03	9.630190e+05	1.296000e+03	9.540590e+05	1.296000e+03	9.416550e+05	1.296000e+03	9.862800e+05	1.296000e+03	9.768730e+05	1.296000e+03	9.867210e+05	1.296000e+03	1.005108e+06
2.596000e+03	4.946879e+02	1.298000e+03	9.701250e+05	1.298000e+03	9.734250e+05	1.298000e+03	9.810070e+05	1.298000e+03	9.858930e+05	1.298000e+03	9.541590e+05	1.298000e+03	9.699030e+05	1.298000e+03	9.887850e+05	1.298000e+03	9.897460e+05	1.298000e+03	9.969090e+05	1.298000e+03	9.913900e+05
2.600000e+03	4.996514e+02	1.300000e+03	9.792380e+05	1.300000e+03	9.818030e+05	1.300000e+03	9.834830e+05	1.300000e+03	9.725420e+05	1.300000e+03	9.677730e+05	1.300000e+03	9.797230e+05	1.300000e+03	9.676050e+05	1.300000e+03	9.892710e+05	1.300000e+03	9.993070e+05	1.300000e+03	9.921270e+05
2.604000e+03	4.971876e+02	1.302000e+03	9.720200e+05	1.302000e+03	9.763510e+05	1.302000e+03	9.728470e+05	1.302000e+03	9.761400e+05	1.302000e+03	9.769770e+05	1.302000e+03	9.656540e+05	1.302000e+03	9.661110e+05	1.302000e+03	9.951350e+05	1.302000e+03	9.930990e+05	1.302000e+03	9.978730e+05
2.608000e+03	5.057192e+02	1.304000e+03	9.645760e+05	1.304000e+03	9.731190e+05	1.304000e+03	9.903100e+05	1.304000e+03	9.577310e+05	1.304000e+03	9.361150e+05	1.304000e+03	9.415820e+05	1.304000e+03	9.999900e+05	1.304000e+03	1.009228e+06	1.304000e+03	9.812620e+05	1.304000e+03	1.000339e+06
2.612000e+03	5.154061e+02	1.306000e+03	9.757430e+05	1.306000e+03	9.841480e+05	1.306000e+03	9.734250e+05	1.306000e+03	9.703380e+05	1.306000e+03	9.622520e+05	1.306000e+03	9.881070e+05	1.306000e+03	9.702390e+05	1.306000e+03	9.854650e+05	1.306000e+03	9.961150e+05	1.306000e+03	9.866790e+05
2.616000e+03	5.204775e+02	1.308000e+03	9.735740e+05	1.308000e+03	9.695120e+05	1.308000e+03	9.730170e+05	1.308000e+03	9.702160e+05	1.308000e+03	9.550300e+05	1.308000e+03	9.700160e+05	1.308000e+03	9.820230e+05	1.308000e+03	9.842480e+05	1.308000e+03	9.972710e+05	1.308000e+03	9.948780e+05
2.620000e+03	5.167579e+02	1.310000e+03	9.611820e+05	1.310000e+03	9.885220e+05	1.310000e+03	9.769610e+05	1.310000e+03	9.617790e+05	1.310000e+03	9.547550e+05	1.310000e+03	9.620720e+05	1.310000e+03	9.898050e+05	1.310000e+03	9.777590e+05	1.310000e+03	1.010419e+06	1.310000e+03	1.021630e+06
2.624000e+03	5.190866e+02	1.312000e+03	9.816560e+05	1.312000e+03	9.611620e+05	1.312000e+03	9.917930e+05	1.312000e+03	9.528150e+05	1.312000e+03	9.442130e+05	1.312000e+03	9.715640e+05	1.312000e+03	9.987920e+05	1.312000e+03	9.941580e+05	1.312000e+03	1.001876e+06	1.312000e+03	1.001444e+06
2.628000e+03	5.254506e+02	1.314000e+03	9.941850e+05	1.314000e+03	9.606020e+05	1.314000e+03	9.865670e+05	1.314000e+03	9.850070e+05	1.314000e+03	9.422020e+05	1.314000e+03	9.697470e+05	1.314000e+03	9.808390e+05	1.314000e+03	9.824890e+05	1.314000e+03	9.969910e+05	1.314000e+03	1.012330e+06
2.632000e+03	5.321113e+02	1.316000e+03	9.807690e+05	1.316000e+03	9.726170e+05	1.316000e+03	9.731000e+05	1.316000e+03	9.832000e+05	1.316000e+03	9.650200e+05	1.316000e+03	9.887780e+05	1.316000e+03	9.845310e+05	1.316000e+03	9.815560e+05	1.316000e+03	9.886130e+05	1.316000e+03	9.817510e+05
2.636000e+03	5.236475e+02	1.318000e+03	9.823390e+05	1.318000e+03	9.798550e+05	1.318000e+03	9.852300e+05	1.318000e+03	9.716250e+05	1.318000e+03	9.447880e+05	1.318000e+03	9.652320e+05	1.318000e+03	1.008138e+06	1.318000e+03	9.941880e+05	1.318000e+03	9.927110e+05	1.318000e+03	9.938790e+05
2.640000e+03	5.330476e+02	1.320000e+03	9.868650e+05	1.320000e+03	9.799230e+05	1.320000e+03	9.753110e+05	1.320000e+03	9.767630e+05	1.320000e+03	9.572160e+05	1.320000e+03	9.721140e+05	1.320000e+03	9.853880e+05	1.320000e+03	9.881750e+05	1.320000e+03	9.953720e+05	1.320000e+03	9.885420e+05
2.644000e+03	5.422844e+02	1.322000e+03	9.726460e+05	1.322000e+03	9.790000e+05	1.322000e+03	9.972110e+05	1.322000e+03	9.645300e+05	1.322000e+03	9.480180e+05	1.322000e+03	9.734540e+05	1.322000e+03	9.968870e+05	1.322000e+03	9.959840e+05	1.322000e+03	9.834000e+05	1.322000e+03	1.013465e+06
2.648000e+03	5.347292e+02	1.324000e+03	9.801180e+05	1.324000e+03	9.811890e+05	1.324000e+03	9.768890e+05	1.324000e+03	9.777300e+05	1.324000e+03	9.608190e+05	1.324000e+03	9.491370e+05	1.324000e+03	9.805130e+05	1.324000e+03	9.746210e+05	1.324000e+03	1.017670e+06	1.324000e+03	1.000168e+06
2.652000e+03	5.299013e+02	1.326000e+03	9.654390e+05	1.326000e+03	9.596180e+05	1.326000e+03	9.849720e+05	1.326000e+03	9.764800e+05	1.326000e+03	9.761380e+05	1.326000e+03	9.636070e+05	1.326000e+03	9.832720e+05	1.326000e+03	9.929560e+05	1.326000e+03	1.003434e+06	1.326000e+03	1.000504e+06
2.656000e+03	5.487897e+02	1.328000e+03	9.861440e+05	1.328000e+03	9.884960e+05	1.328000e+03	9.904210e+05	1.328000e+03	9.707540e+05	1.328000e+03	9.418720e+05	1.328000e+03	9.524720e+05	1.328000e+03	9.913530e+05	1.328000e+03	9.686760e+05	1.328000e+03	9.806010e+05	1.328000e+03	9.910010e+05
2.660000e+03	5.436843e+02	1.330000e+03	9.724640e+05	1.330000e+03	9.819520e+05	1.330000e+03	9.934660e+05	1.330000e+03	9.752910e+05	1.330000e+03	9.546200e+05	1.330000e+03	9.734240e+05	1.330000e+03	9.931160e+05	1.330000e+03	9.821180e+05	1.330000e+03	9.922440e+05	1.330000e+03	1.003959e+06
2.664000e+03	5.539043e+02	1.332000e+03	9.700860e+05	1.332000e+03	9.509240e+05	1.332000e+03	9.751200e+05	1.332000e+03	9.857430e+05	1.332000e+03	9.717960e+05	1.332000e+03	9.614780e+05	1.332000e+03	1.002487e+06	1.332000e+03	1.016241e+06	1.332000e+03	9.978560e+05	1.332000e+03	1.005825e+06
2.668000e+03	5.515293e+02	1.334000e+03	9.782640e+05	1.334000e+03	9.836180e+05	1.334000e+03	9.833550e+05	1.334000e+03	9.765210e+05	1.334000e+03	9.724630e+05	1.334000e+03	9.424850e+05	1.334000e+03	9.772520e+05	1.334000e+03	1.006004e+06	1.334000e+03	1.018613e+06	1.334000e+03	9.995700e+05
2.672000e+03	5.550216e+02	1.336000e+03	9.730910e+05	1.336000e+03	9.708850e+05	1.336000e+03	9.698450e+05	1.336000e+03	9.747480e+05	1.336000e+03	9.556260e+05	1.336000e+03	9.627800e+05	1.336000e+03	9.771960e+05	1.336000e+03	9.817440e+05	1.336000e+03	9.914150e+05	1.336000e+03	1.018519e+06
2.676000e+03	5.632915e+02	1.338000e+03	9.731780e+05	1.338000e+03	9.742030e+05	1.338000e+03	9.964500e+05	1.338000e+03	9.597680e+05	1.338000e+03	9.660410e+05	1.338000e+03	9.800530e+05	1.338000e+03	9.943820e+05	1.338000e+03	9.919790e+05	1.338000e+03	9.862100e+05	1.338000e+03	9.937710e+05
2.680000e+03	5.599040e+02	1.340000e+03	9.565720e+05	1.340000e+03	9.702530e+05	1.340000e+03	9.806470e+05	1.340000e+03	9.555770e+05	1.340000e+03	9.654730e+05	1.340000e+03	9.720310e+05	1.340000e+03	9.896610e+05	1.340000e+03	1.000995e+06	1.340000e+03	1.022139e+06	1.340000e+03	9.849450e+05
2.684000e+03	5.660374e+02	1.342000e+03	9.763310e+05	1.342000e+03	9.797950e+05	1.342000e+03	9.799710e+05	1.342000e+03	9.672920e+05	1.342000e+03	9.647430e+05	1.342000e+03	9.717120e+05	1.342000e+03	1.005709e+06	1.342000e+03	9.732150e+05	1.342000e+03	9.936710e+05	1.342000e+03	1.008089e+06
2.688000e+03	5.703370e+02	1.344000e+03	9.922450e+05	1.344000e+03	9.691280e+05	1.344000e+03	9.801420e+05	1.344000e+03	9.632580e+05	1.344000e+03	9.433060e+05	1.344000e+03	9.755960e+05	1.344000e+03	1.000350e+06	1.344000e+03	9.777920e+05	1.344000e+03	9.929750e+05	1.344000e+03	9.953560e+05
2.692000e+03	5.730289e+02	1.346000e+03	9.655130e+05	1.346000e+03	9.665480e+05	1.346000e+03	9.804920e+05	1.346000e+03	9.740720e+05	1.346000e+03	9.612190e+05	1.346000e+03	9.822240e+05	1.346000e+03	9.625320e+05	1.346000e+03	1.004396e+06	1.346000e+03	9.973960e+05	1.346000e+03	9.938830e+05
2.696000e+03	5.771971e+02	1.348000e+03	9.644870e+05	1.348000e+03	9.794020e+05	1.348000e+03	9.739880e+05	1.348000e+03	9.552340e+05	1.348000e+03	9.495180e+05	1.348000e+03	9.446170e+05	1.348000e+03	9.868840e+05	1.348000e+03	9.795750e+05	1.348000e+03	9.941270e+05	1.348000e+03	9.978410e+05
2.700000e+03	5.655704e+02	1.350000e+03	9.816140e+05	1.350000e+03	9.695030e+05	1.350000e+03	9.612180e+05	1.350000e+03	9.451510e+05	1.350000e+03	9.543190e+05	1.350000e+03	9.752260e+05	1.350000e+03	9.764660e+05	1.350000e+03	9.793800e+05	1.350000e+03	1.008723e+06	1.350000e+03	9.882260e+05
2.704000e+03	5.684490e+02	1.352000e+03	9.521150e+05	1.352000e+03	9.668930e+05	1.352000e+03	9.976450e+05	1.352000e+03	9.620140e+05	1.352000e+03	9.503230e+05	1.352000e+03	9.741780e+05	1.352000e+03	9.985540e+05	1.352000e+03	9.892000e+05	1.352000e+03	1.016934e+06	1.352000e+03	1.014761e+06
2.708000e+03	5.671346e+02	1.354000e+03	9.626810e+05	1.354000e+03	9.642340e+05	1.354000e+03	9.754120e+05	1.354000e+03	9.662470e+05	1.354000e+03	9.704530e+05	1.354000e+03	9.805920e+05	1.354000e+03	1.005596e+06	1.354000e+03	9.738360e+05	1.354000e+03	9.758090e+05	1.354000e+03	9.940860e+05
2.712000e+03	5.897956e+02	1.356000e+03	9.698470e+05	1.356000e+03	9.702940e+05	1.356000e+03	9.767530e+05	1.356000e+03	9.676590e+05	1.356000e+03	9.451930e+05	1.356000e+03	9.675590e+05	1.356000e+03	9.944140e+05	1.356000e+03	9.889910e+05	1.356000e+03	9.801390e+05	1.356000e+03	9.792950e+05
2.716000e+03	5.749352e+02	1.358000e+03	9.662210e+05	1.358000e+03	9.762320e+05	1.358000e+03	9.714350e+05	1.358000e+03	9.576270e+05	1.358000e+03	9.488100e+05	1.358000e+03	9.705760e+05	1.358000e+03	1.012846e+06	1.358000e+03	9.774120e+05	1.358000e+03	9.902820e+05	1.358000e+03	9.963440e+05
2.720000e+03	5.916865e+02	1.360000e+03	9.671450e+05	1.360000e+03	9.854550e+05	1.360000e+03	9.612160e+05	1.360000e+03	9.720390e+05	1.360000e+03	9.742010e+05	1.360000e+03	9.556020e+05	1.360000e+03	9.785810e+05	1.360000e+03	9.865040e+05	1.360000e+03	1.000754e+06	1.360000e+03	1.009564e+06
2.724000e+03	5.798887e+02	1.362000e+03	9.816720e+05	1.362000e+03	9.711340e+05	1.362000e+03	9.783360e+05	1.362000e+03	9.576000e+05	1.362000e+03	9.473520e+05	1.362000e+03	9.615460e+05	1.362000e+03	9.913890e+05	1.362000e+03	9.788650e+05	1.362000e+03	9.929910e+05	1.362000e+03	9.907840e+05
2.728000e+03	5.842009e+02	1.364000e+03	9.783060e+05	1.364000e+03	9.709860e+05	1.364000e+03	9.863620e+05	1.364000e+03	9.547420e+05	1.364000e+03	9.533120e+05	1.364000e+03	9.407030e+05	1.364000e+03	9.973850e+05	1.364000e+03	9.770240e+05	1.364000e+03	9.830150e+05	1.364000e+03	1.011972e+06
2.732000e+03	5.778435e+02	1.366000e+03	9.818770e+05	1.366000e+03	9.727520e+05	1.366000e+03	9.612080e+05	1.366000e+03	9.376710e+05	1.366000e+03	9.471680e+05	1.366000e+03	9.338510e+05	1.366000e+03	1.001816e+06	1.366000e+03	9.870760e+05	1.366000e+03	9.873620e+05	1.366000e+03	9.787660e+05
2.736000e+03	6.022151e+02	1.368000e+03	9.704820e+05	1.368000e+03	9.828160e+05	1.368000e+03	9.859620e+05	1.368000e+03	9.419690e+05	1.368000e+03	9.309830e+05	1.368000e+03	9.557880e+05	1.368000e+03	1.001222e+06	1.368000e+03	9.722370e+05	1.368000e+03	9.761720e+05	1.368000e+03	9.864170e+05
2.740000e+03	5.916658e+02	1.370000e+03	9.808870e+05	1.370000e+03	9.635800e+05	1.370000e+03	9.867390e+05	1.370000e+03	9.539430e+05	1.370000e+03	9.553950e+05	1.370000e+03	9.719310e+05	1.370000e+03	9.734680e+05	1.370000e+03	9.785350e+05	1.370000e+03	9.908580e+05	1.370000e+03	1.005203e+06
2.744000e+03	5.963755e+02	1.372000e+03	9.768390e+05	1.372000e+03	9.762390e+05	1.372000e+03	9.556650e+05	1.372000e+03	9.672250e+05	1.372000e+03	9.633090e+05	1.372000e+03	9.679890e+05	1.372000e+03	1.006256e+06	1.372000e+03	9.766510e+05	1.372000e+03	9.706950e+05	1.372000e+03	1.003973e+06
2.748000e+03	5.996974e+02	1.374000e+03	9.464590e+05	1.374000e+03	9.532190e+05	1.374000e+03	9.671460e+05	1.374000e+03	9.766460e+05	1.374000e+03	9.202940e+05	1.374000e+03	9.660280e+05	1.374000e+03	9.900100e+05	1.374000e+03	9.708590e+05	1.374000e+03	9.786690e+05	1.374000e+03	1.001713e+06
2.752000e+03	5.888354e+02	1.376000e+03	9.756970e+05	1.376000e+03	9.899330e+05	1.376000e+03	9.854530e+05	1.376000e+03	9.542190e+05	1.376000e+03	9.616840e+05	1.376000e+03	9.638690e+05	1.376000e+03	9.744990e+05	1.376000e+03	1.003335e+06	1.376000e+03	9.952650e+05	1.376000e+03	9.887240e+05
2.756000e+03	6.256747e+02	1.378000e+03	9.672880e+05	1.378000e+03	9.817950e+05	1.378000e+03	9.533620e+05	1.378000e+03	9.780580e+05	1.378000e+03	9.578420e+05	1.378000e+03	9.613770e+05	1.378000e+03	9.540940e+05	1.378000e+03	9.765520e+05	1.378000e+03	9.815140e+05	1.378000e+03	9.853460e+05
2.760000e+03	6.204770e+02	1.380000e+03	9.764590e+05	1.380000e+03	9.602910e+05	1.380000e+03	9.567980e+05	1.380000e+03	9.569560e+05	1.380000e+03	9.270700e+05	1.380000e+03	9.692060e+05	1.380000e+03	9.809620e+05	1.380000e+03	9.884270e+05	1.380000e+03	9.931330e+05	1.380000e+03	9.961200e+05
2.764000e+03	6.065510e+02	1.382000e+03	9.782810e+05	1.382000e+03	9.638980e+05	1.382000e+03	9.594490e+05	1.382000e+03	9.456990e+05	1.382000e+03	9.571020e+05	1.382000e+03	9.659930e+05	1.382000e+03	9.985380e+05	1.382000e+03	9.679390e+05	1.382000e+03	9.933730e+05	1.382000e+03	9.820760e+05
2.768000e+03	6.242477e+02	1.384000e+03	9.794930e+05	1.384000e+03	9.644220e+05	1.384000e+03	9.814980e+05	1.384000e+03	9.316910e+05	1.384000e+03	9.496990e+05	1.384000e+03	9.468070e+05	1.384000e+03	9.695650e+05	1.384000e+03	9.838180e+05	1.384000e+03	9.897870e+05	1.384000e+03	9.909110e+05
2.772000e+03	6.179978e+02	1.386000e+03	9.642900e+05	1.386000e+03	9.568010e+05	1.386000e+03	9.722630e+05	1.386000e+03	9.558660e+05	1.386000e+03	9.678330e+05	1.386000e+03	9.384130e+05	1.386000e+03	9.854350e+05	1.386000e+03	9.680150e+05	1.386000e+03	9.789670e+05	1.386000e+03	9.951000e+05
2.776000e+03	6.191083e+02	1.388000e+03	9.554260e+05	1.388000e+03	9.720140e+05	1.388000e+03	9.763060e+05	1.388000e+03	9.330530e+05	1.388000e+03	9.399600e+05	1.388000e+03	9.362900e+05	1.388000e+03	9.722380e+05	1.388000e+03	9.810530e+05	1.388000e+03	9.846500e+05	1.388000e+03	9.974940e+05
2.780000e+03	6.142139e+02	1.390000e+03	9.747300e+05	1.390000e+03	9.630600e+05	1.390000e+03	9.686930e+05	1.390000e+03	9.609750e+05	1.390000e+03	9.747040e+05	1.390000e+03	9.468190e+05	1.390000e+03	9.723480e+05	1.390000e+03	9.848400e+05	1.390000e+03	9.836100e+05	1.390000e+03	9.660150e+05
2.784000e+03	6.314082e+02	1.392000e+03	9.790150e+05	1.392000e+03	9.635890e+05	1.392000e+03	9.675990e+05	1.392000e+03	9.729250e+05	1.392000e+03	9.523370e+05	1.392000e+03	9.614190e+05	1.392000e+03	9.686820e+05	1.392000e+03	9.741830e+05	1.392000e+03	9.928520e+05	1.392000e+03	9.866730e+05
2.788000e+03	6.238536e+02	1.394000e+03	9.711330e+05	1.394000e+03	9.728450e+05	1.394000e+03	9.696920e+05	1.394000e+03	9.692040e+05	1.394000e+03	9.673070e+05	1.394000e+03	9.352070e+05	1.394000e+03	9.622020e+05	1.394000e+03	9.748800e+05	1.394000e+03	9.819900e+05	1.394000e+03	9.919800e+05
2.792000e+03	6.329291e+02	1.396000e+03	9.687050e+05	1.396000e+03	9.627440e+05	1.396000e+03	9.630150e+05	1.396000e+03	9.576630e+05	1.396000e+03	9.519370e+05	1.396000e+03	9.729030e+05	1.396000e+03	9.738820e+05	1.396000e+03	9.766880e+05	1.396000e+03	9.775240e+05	1.396000e+03	1.014508e+06
2.796000e+03	6.447782e+02	1.398000e+03	9.583010e+05	1.398000e+03	9.619530e+05	1.398000e+03	9.615210e+05	1.398000e+03	9.537880e+05	1.398000e+03	9.461000e+05	1.398000e+03	9.624440e+05	1.398000e+03	9.928000e+05	1.398000e+03	9.791750e+05	1.398000e+03	9.774110e+05	1.398000e+03	9.831810e+05
2.800000e+03	6.438074e+02	1.400000e+03	9.631120e+05	1.400000e+03	9.632940e+05	1.400000e+03	9.681960e+05	1.400000e+03	9.518820e+05	1.400000e+03	9.468260e+05	1.400000e+03	9.579980e+05	1.400000e+03	9.787890e+05	1.400000e+03	9.807380e+05	1.400000e+03	9.795050e+05	1.400000e+03	9.946310e+05
2.804000e+03	6.407292e+02	1.402000e+03	9.506290e+05	1.402000e+03	9.656340e+05	1.402000e+03	9.693600e+05	1.402000e+03	9.424840e+05	1.402000e+03	9.576790e+05	1.402000e+03	9.632700e+05	1.402000e+03	9.859720e+05	1.402000e+03	9.734910e+05	1.402000e+03	9.814160e+05	1.402000e+03	9.874180e+05
2.808000e+03	6.458092e+02	1.404000e+03	9.574750e+05	1.404000e+03	9.750640e+05	1.404000e+03	9.735070e+05	1.404000e+03	9.615590e+05	1.404000e+03	9.700470e+05	1.404000e+03	9.741700e+05	1.404000e+03	9.706140e+05	1.404000e+03	9.757710e+05	1.404000e+03	9.723590e+05	1.404000e+03	9.793460e+05
2.812000e+03	6.648620e+02	1.406000e+03	9.533590e+05	1.406000e+03	9.671950e+05	1.406000e+03	9.721940e+05	1.406000e+03	9.551770e+05	1.406000e+03	9.437400e+05	1.406000e+03	9.541840e+05	1.406000e+03	9.604280e+05	1.406000e+03	9.707710e+05	1.406000e+03	9.660590e+05	1.406000e+03	1.002239e+06
2.816000e+03	6.569175e+02	1.408000e+03	9.541680e+05	1.408000e+03	9.769920e+05	1.408000e+03	9.625740e+05	1.408000e+03	9.523160e+05	1.408000e+03	9.602200e+05	1.408000e+03	9.270720e+05	1.408000e+03	9.761660e+05	1.408000e+03	9.726810e+05	1.408000e+03	9.847880e+05	1.408000e+03	9.756000e+05
2.820000e+03	6.428420e+02	1.410000e+03	9.711430e+05	1.410000e+03	9.686020e+05	1.410000e+03	9.669060e+05	1.410000e+03	9.622730e+05	1.410000e+03	9.523240e+05	1.410000e+03	9.616080e+05	1.410000e+03	9.752050e+05	1.410000e+03	9.721900e+05	1.410000e+03	9.810360e+05	1.410000e+03	9.722560e+05
2.824000e+03	6.471386e+02	1.412000e+03	9.637320e+05	1.412000e+03	9.618870e+05	1.412000e+03	9.672070e+05	1.412000e+03	9.531110e+05	1.412000e+03	9.547450e+05	1.412000e+03	9.589380e+05	1.412000e+03	9.731180e+05	1.412000e+03	9.819970e+05	1.412000e+03	9.706890e+05	1.412000e+03	1.003419e+06
2.828000e+03	6.587329e+02	1.414000e+03	9.648230e+05	1.414000e+03	9.819720e+05	1.414000e+03	9.693460e+05	1.414000e+03	9.479040e+05	1.414000e+03	9.341800e+05	1.414000e+03	9.650060e+05	1.414000e+03	9.776020e+05	1.414000e+03	9.842010e+05	1.414000e+03	9.779650e+05	1.414000e+03	9.801940e+05
2.832000e+03	6.578381e+02	1.416000e+03	9.739220e+05	1.416000e+03	9.713360e+05	1.416000e+03	9.676270e+05	1.416000e+03	9.684260e+05	1.416000e+03	9.357230e+05	1.416000e+03	9.366270e+05	1.416000e+03	9.622770e+05	1.416000e+03	9.846410e+05	1.416000e+03	9.723310e+05	1.416000e+03	9.724420e+05
2.836000e+03	6.736660e+02	1.418000e+03	9.468740e+05	1.418000e+03	9.669500e+05	1.418000e+03	9.688960e+05	1.418000e+03	9.626320e+05	1.418000e+03	9.396210e+05	1.418000e+03	9.519760e+05	1.418000e+03	9.790630e+05	1.418000e+03	9.714160e+05	1.418000e+03	9.750450e+05	1.418000e+03	9.888500e+05
2.840000e+03	6.775123e+02	1.420000e+03	9.590260e+05	1.420000e+03	9.590660e+05	1.420000e+03	9.587300e+05	1.420000e+03	9.612370e+05	1.420000e+03	9.600880e+05	1.420000e+03	9.745400e+05	1.420000e+03	9.628610e+05	1.420000e+03	9.898850e+05	1.420000e+03	9.809570e+05	1.420000e+03	9.795140e+05
2.844000e+03	6.679994e+02	1.422000e+03	9.763280e+05	1.422000e+03	9.691210e+05	1.422000e+03	9.777440e+05	1.422000e+03	9.661350e+05	1.422000e+03	9.461310e+05	1.422000e+03	9.494490e+05	1.422000e+03	9.848380e+05	1.422000e+03	9.799740e+05	1.422000e+03	9.695670e+05	1.422000e+03	9.885320e+05
2.848000e+03	6.715921e+02	1.424000e+03	9.584790e+05	1.424000e+03	9.614110e+05	1.424000e+03	9.756930e+05	1.424000e+03	9.414480e+05	1.424000e+03	9.239670e+05	1.424000e+03	9.592610e+05	1.424000e+03	9.869670e+05	1.424000e+03	9.828830e+05	1.424000e+03	9.815070e+05	1.424000e+03	9.909700e+05
2.852000e+03	6.766152e+02	1.426000e+03	9.578260e+05	1.426000e+03	9.621790e+05	1.426000e+03	9.660220e+05	1.426000e+03	9.368950e+05	1.426000e+03	9.605210e+05	1.426000e+03	9.330140e+05	1.426000e+03	9.781240e+05	1.426000e+03	9.841660e+05	1.426000e+03	9.953480e+05	1.426000e+03	9.939010e+05
2.856000e+03	6.958508e+02	1.428000e+03	9.661150e+05	1.428000e+03	9.540320e+05	1.428000e+03	9.567220e+05	1.428000e+03	9.493040e+05	1.428000e+03	9.423620e+05	1.428000e+03	9.604680e+05	1.428000e+03	9.782250e+05	1.428000e+03	9.899250e+05	1.428000e+03	9.809280e+05	1.428000e+03	9.854130e+05
2.860000e+03	6.835152e+02	1.430000e+03	9.748400e+05	1.430000e+03	9.637990e+05	1.430000e+03	9.588260e+05	1.430000e+03	9.451010e+05	1.430000e+03	9.292030e+05	1.430000e+03	9.609060e+05	1.430000e+03	9.863710e+05	1.430000e+03	9.680990e+05	1.430000e+03	9.739100e+05	1.430000e+03	9.950760e+05
2.864000e+03	7.004898e+02	1.432000e+03	9.556600e+05	1.432000e+03	9.709190e+05	1.432000e+03	9.617640e+05	1.432000e+03	9.500310e+05	1.432000e+03	9.293630e+05	1.432000e+03	9.327400e+05	1.432000e+03	9.631390e+05	1.432000e+03	9.837160e+05	1.432000e+03	9.836960e+05	1.432000e+03	9.877760e+05
2.868000e+03	6.917415e+02	1.434000e+03	9.589390e+05	1.434000e+03	9.660790e+05	1.434000e+03	9.645630e+05	1.434000e+03	9.570330e+05	1.434000e+03	9.513430e+05	1.434000e+03	9.248140e+05	1.434000e+03	9.820540e+05	1.434000e+03	9.868660e+05	1.434000e+03	9.797940e+05	1.434000e+03	9.955440e+05
2.872000e+03	7.013856e+02	1.436000e+03	9.698850e+05	1.436000e+03	9.654930e+05	1.436000e+03	9.757060e+05	1.436000e+03	9.423600e+05	1.436000e+03	9.346520e+05	1.436000e+03	9.622740e+05	1.436000e+03	9.822230e+05	1.436000e+03	9.815040e+05	1.436000e+03	9.880030e+05	1.436000e+03	9.943830e+05
2.876000e+03	6.986575e+02	1.438000e+03	9.645260e+05	1.438000e+03	9.632280e+05	1.438000e+03	9.662830e+05	1.438000e+03	9.571660e+05	1.438000e+03	9.359590e+05	1.438000e+03	9.415190e+05	1.438000e+03	9.693140e+05	1.438000e+03	9.906200e+05	1.438000e+03	9.921760e+05	1.438000e+03	9.700190e+05
2.880000e+03	7.148564e+02	1.440000e+03	9.673300e+05	1.440000e+03	9.648090e+05	1.440000e+03	9.562210e+05	1.440000e+03	9.669930e+05	1.440000e+03	9.408810e+05	1.440000e+03	9.649860e+05	1.440000e+03	9.615070e+05	1.440000e+03	9.877850e+05	1.440000e+03	9.747970e+05	1.440000e+03	9.828560e+05
2.884000e+03	7.063701e+02	1.442000e+03	9.755130e+05	1.442000e+03	9.664960e+05	1.442000e+03	9.644390e+05	1.442000e+03	9.403360e+05	1.442000e+03	9.535180e+05	1.442000e+03	9.690200e+05	1.442000e+03	9.710960e+05	1.442000e+03	9.783500e+05	1.442000e+03	9.958300e+05	1.442000e+03	9.883100e+05
2.888000e+03	7.129441e+02	1.444000e+03	9.577080e+05	1.444000e+03	9.645040e+05	1.444000e+03	9.587330e+05	1.444000e+03	9.524570e+05	1.444000e+03	9.395080e+05	1.444000e+03	9.658180e+05	1.444000e+03	9.748970e+05	1.444000e+03	9.809930e+05	1.444000e+03	9.759730e+05	1.444000e+03	9.744360e+05
2.892000e+03	7.063430e+02	1.446000e+03	9.558610e+05	1.446000e+03	9.602700e+05	1.446000e+03	9.731420e+05	1.446000e+03	9.382670e+05	1.446000e+03	9.290710e+05	1.446000e+03	9.609830e+05	1.446000e+03	9.839580e+05	1.446000e+03	9.817980e+05	1.446000e+03	9.766090e+05	1.446000e+03	9.905850e+05
2.896000e+03	7.198061e+02	1.448000e+03	9.464960e+05	1.448000e+03	9.710440e+05	1.448000e+03	9.586610e+05	1.448000e+03	9.721010e+05	1.448000e+03	9.367910e+05	1.448000e+03	9.609240e+05	1.448000e+03	9.802360e+05	1.448000e+03	9.874530e+05	1.448000e+03	9.800830e+05	1.448000e+03	9.794700e+05
2.900000e+03	7.115432e+02	1.450000e+03	9.676420e+05	1.450000e+03	9.619580e+05	1.450000e+03	9.728090e+05	1.450000e+03	9.483500e+05	1.450000e+03	9.313310e+05	1.450000e+03	9.588190e+05	1.450000e+03	9.744190e+05	1.450000e+03	9.803160e+05	1.450000e+03	9.861740e+05	1.450000e+03	9.931520e+05
