# comment: 
# name: Spectrum measurement
# metadata: {'created': '2026-06-09T14_39_43', 'description': 'Spectrum measurement'}
# parameters: {'start_nm': 300.0, 'end_nm': 900.0, 'step_nm': 0.5, 'accum_time_ms': 250, 'number_repetitions': 1, 'data_points': 0}
# units: {'start_nm': 'nanometers', 'end_nm': 'nanometers', 'step_nm': 'nanometers', 'accum_time_ms': 'milliseconds'}
X1	Y1	X2	Y2
3.000000e+02	8.052700e+04	9.000000e+02	8.572500e+04
3.000200e+02	8.207600e+04	8.999700e+02	8.667500e+04
3.002200e+02	8.282100e+04	8.997700e+02	8.892200e+04
3.006200e+02	8.441900e+04	8.993600e+02	8.922600e+04
3.012200e+02	8.476800e+04	8.987700e+02	8.958800e+04
3.018500e+02	8.525200e+04	8.981400e+02	8.906800e+04
3.025100e+02	8.530500e+04	8.975000e+02	8.917400e+04
3.034400e+02	8.520300e+04	8.968400e+02	8.770300e+04
3.040900e+02	8.575500e+04	8.959100e+02	8.801000e+04
3.050300e+02	8.653100e+04	8.952300e+02	8.728900e+04
3.056700e+02	8.542000e+04	8.945700e+02	8.617600e+04
3.066400e+02	8.563000e+04	8.936800e+02	8.551100e+04
3.072600e+02	8.689500e+04	8.930500e+02	8.723300e+04
3.082700e+02	8.545900e+04	8.920900e+02	8.707200e+04
3.089400e+02	8.578700e+04	8.914500e+02	8.733400e+04
3.099000e+02	8.641000e+04	8.904800e+02	8.453200e+04
3.108800e+02	8.779000e+04	8.895400e+02	8.698300e+04
3.120800e+02	8.678000e+04	8.886000e+02	8.529700e+04
3.128200e+02	8.706300e+04	8.876200e+02	8.380300e+04
3.141000e+02	8.838200e+04	8.869200e+02	8.422200e+04
3.150600e+02	8.706500e+04	8.856900e+02	8.375400e+04
3.154000e+02	8.806700e+04	8.846400e+02	8.223500e+04
3.160000e+02	8.903000e+04	8.844100e+02	8.326300e+04
3.166900e+02	8.653700e+04	8.836600e+02	8.299400e+04
3.173600e+02	8.606800e+04	8.830200e+02	8.276500e+04
3.180100e+02	8.762500e+04	8.821400e+02	8.241600e+04
3.186600e+02	8.626700e+04	8.814900e+02	8.182300e+04
3.198600e+02	8.609000e+04	8.802400e+02	8.156900e+04
3.204800e+02	8.735900e+04	8.796700e+02	8.122300e+04
3.211900e+02	8.647200e+04	8.792500e+02	8.053200e+04
3.218600e+02	8.692700e+04	8.780000e+02	8.008400e+04
3.224900e+02	8.526100e+04	8.773600e+02	8.093800e+04
3.234600e+02	8.583800e+04	8.766600e+02	7.895900e+04
3.241000e+02	8.673100e+04	8.758200e+02	7.956500e+04
3.245800e+02	8.750100e+04	8.750500e+02	7.816600e+04
3.254400e+02	8.689900e+04	8.744300e+02	7.831500e+04
3.262900e+02	8.783900e+04	8.737400e+02	7.936700e+04
3.273100e+02	8.795300e+04	8.728500e+02	7.953100e+04
3.279400e+02	8.762600e+04	8.722400e+02	7.940200e+04
3.288000e+02	8.808200e+04	8.712000e+02	7.944400e+04
3.295400e+02	8.934100e+04	8.706800e+02	7.935100e+04
3.305800e+02	8.814200e+04	8.697300e+02	7.953600e+04
3.313000e+02	8.616700e+04	8.692200e+02	7.914600e+04
3.322100e+02	8.851000e+04	8.677000e+02	7.932100e+04
3.330400e+02	8.793800e+04	8.671500e+02	7.944500e+04
3.340200e+02	8.976700e+04	8.668800e+02	7.718100e+04
3.349600e+02	8.943700e+04	8.660500e+02	7.856700e+04
3.359400e+02	8.907700e+04	8.650800e+02	7.783900e+04
3.367400e+02	8.909600e+04	8.644600e+02	7.663600e+04
3.373500e+02	9.129400e+04	8.638400e+02	7.904100e+04
3.377400e+02	8.956900e+04	8.625500e+02	7.941400e+04
3.386600e+02	9.065500e+04	8.618900e+02	7.717700e+04
3.393400e+02	8.959000e+04	8.616200e+02	7.824500e+04
3.400500e+02	9.065100e+04	8.606900e+02	7.804900e+04
3.416900e+02	8.994800e+04	8.596600e+02	7.938000e+04
3.425300e+02	9.295400e+04	8.589400e+02	7.891000e+04
3.428800e+02	9.130300e+04	8.583200e+02	7.850800e+04
3.436400e+02	9.288800e+04	8.578200e+02	7.831200e+04
3.450900e+02	9.296800e+04	8.571000e+02	7.856700e+04
3.460100e+02	9.415700e+04	8.564800e+02	7.857200e+04
3.462500e+02	9.339700e+04	8.555400e+02	7.918400e+04
3.476000e+02	9.405200e+04	8.548700e+02	8.029200e+04
3.490000e+02	9.666700e+04	8.542100e+02	7.894700e+04
3.493900e+02	9.710700e+04	8.535500e+02	7.979100e+04
3.501600e+02	9.524800e+04	8.529300e+02	8.060200e+04
3.507400e+02	9.602500e+04	8.522700e+02	7.928000e+04
3.509800e+02	9.529600e+04	8.512700e+02	7.971100e+04
3.518400e+02	9.695500e+04	8.505900e+02	8.051400e+04
3.525800e+02	9.636500e+04	8.498300e+02	8.058400e+04
3.538600e+02	9.661300e+04	8.490900e+02	7.937600e+04
3.546200e+02	9.741300e+04	8.484100e+02	8.106700e+04
3.555300e+02	9.762000e+04	8.475700e+02	8.147400e+04
3.560000e+02	9.959700e+04	8.466000e+02	8.313100e+04
3.566900e+02	1.002850e+05	8.459100e+02	8.178500e+04
3.572400e+02	9.942700e+04	8.452700e+02	8.309800e+04
3.586600e+02	1.014370e+05	8.442800e+02	8.490400e+04
3.596500e+02	1.025150e+05	8.436300e+02	8.475400e+04
3.600800e+02	1.025830e+05	8.426200e+02	8.492200e+04
3.606800e+02	1.036410e+05	8.416000e+02	8.561100e+04
3.614500e+02	1.024090e+05	8.409800e+02	8.664600e+04
3.628200e+02	1.041900e+05	8.399300e+02	8.676300e+04
3.637200e+02	1.047030e+05	8.396500e+02	8.759600e+04
3.644500e+02	1.043720e+05	8.389800e+02	8.828800e+04
3.649400e+02	1.048980e+05	8.381700e+02	8.794100e+04
3.659800e+02	1.069700e+05	8.373200e+02	8.929700e+04
3.667100e+02	1.049390e+05	8.366800e+02	8.954500e+04
3.681900e+02	1.073890e+05	8.354900e+02	9.447200e+04
3.688300e+02	1.095850e+05	8.345400e+02	9.446700e+04
3.697300e+02	1.078600e+05	8.339400e+02	9.751900e+04
3.703700e+02	1.085730e+05	8.332900e+02	1.003520e+05
3.715300e+02	1.116750e+05	8.327400e+02	1.022780e+05
3.720800e+02	1.119020e+05	8.317400e+02	1.037420e+05
3.723500e+02	1.101760e+05	8.311300e+02	1.061310e+05
3.734400e+02	1.099690e+05	8.304900e+02	1.067750e+05
3.745800e+02	1.104240e+05	8.300600e+02	1.082890e+05
3.757500e+02	1.144470e+05	8.294100e+02	1.126440e+05
3.761700e+02	1.122900e+05	8.287600e+02	1.142730e+05
3.770400e+02	1.147640e+05	8.280800e+02	1.148550e+05
3.774900e+02	1.159610e+05	8.265300e+02	1.249970e+05
3.781300e+02	1.150740e+05	8.256400e+02	1.279760e+05
3.783800e+02	1.132470e+05	8.249300e+02	1.298800e+05
3.796700e+02	1.160880e+05	8.247200e+02	1.317060e+05
3.804200e+02	1.165880e+05	8.240900e+02	1.349640e+05
3.807100e+02	1.180650e+05	8.234600e+02	1.389190e+05
3.820700e+02	1.189650e+05	8.224200e+02	1.419380e+05
3.830400e+02	1.188360e+05	8.214200e+02	1.541560e+05
3.844600e+02	1.184200e+05	8.208300e+02	1.594510e+05
3.847900e+02	1.219380e+05	8.200900e+02	1.604760e+05
3.855300e+02	1.210070e+05	8.192500e+02	1.687560e+05
3.862000e+02	1.217800e+05	8.189400e+02	1.706090e+05
3.868100e+02	1.207750e+05	8.183600e+02	1.741450e+05
3.873500e+02	1.231160e+05	8.175300e+02	1.775190e+05
3.880000e+02	1.232830e+05	8.169600e+02	1.836320e+05
3.886200e+02	1.236260e+05	8.159400e+02	1.893150e+05
3.898800e+02	1.248230e+05	8.152800e+02	1.959050e+05
3.906900e+02	1.263730e+05	8.139800e+02	2.043590e+05
3.910600e+02	1.268200e+05	8.133600e+02	2.107910e+05
3.919800e+02	1.293800e+05	8.128000e+02	2.098510e+05
3.926500e+02	1.264120e+05	8.118000e+02	2.157650e+05
3.929100e+02	1.259360e+05	8.111700e+02	2.185600e+05
3.938100e+02	1.278730e+05	8.105000e+02	2.276130e+05
3.945100e+02	1.312330e+05	8.096800e+02	2.382870e+05
3.951800e+02	1.323290e+05	8.089700e+02	2.492280e+05
3.959600e+02	1.314120e+05	8.082500e+02	2.587000e+05
3.966300e+02	1.333720e+05	8.076100e+02	2.622570e+05
3.973900e+02	1.328890e+05	8.066800e+02	2.690580e+05
3.980000e+02	1.362950e+05	8.059300e+02	2.764450e+05
3.987700e+02	1.383730e+05	8.051600e+02	2.875320e+05
3.993200e+02	1.379530e+05	8.048000e+02	2.934390e+05
3.999500e+02	1.361240e+05	8.040700e+02	2.986260e+05
4.015400e+02	1.416060e+05	8.030600e+02	3.085070e+05
4.022800e+02	1.462140e+05	8.025000e+02	3.145930e+05
4.036800e+02	1.407040e+05	8.016300e+02	3.152890e+05
4.046100e+02	1.467210e+05	8.003600e+02	3.296650e+05
4.052100e+02	1.483170e+05	7.998500e+02	3.367400e+05
4.059600e+02	1.502800e+05	7.992600e+02	3.425310e+05
4.059600e+02	1.498210e+05	7.986400e+02	3.461520e+05
4.070500e+02	1.515860e+05	7.975100e+02	3.507870e+05
4.075700e+02	1.549520e+05	7.969700e+02	3.542830e+05
4.081800e+02	1.547970e+05	7.963000e+02	3.588170e+05
4.090200e+02	1.556110e+05	7.955800e+02	3.626200e+05
4.097100e+02	1.515060e+05	7.948200e+02	3.714890e+05
4.108100e+02	1.583990e+05	7.940500e+02	3.770380e+05
4.115200e+02	1.586150e+05	7.934000e+02	3.861900e+05
4.120900e+02	1.655900e+05	7.928000e+02	3.955430e+05
4.126600e+02	1.677670e+05	7.921600e+02	4.016160e+05
4.137400e+02	1.713000e+05	7.913100e+02	4.145690e+05
4.141700e+02	1.696290e+05	7.905500e+02	4.230210e+05
4.146900e+02	1.711670e+05	7.895200e+02	4.277140e+05
4.153700e+02	1.772240e+05	7.888600e+02	4.293380e+05
4.160300e+02	1.783770e+05	7.881600e+02	4.288770e+05
4.166800e+02	1.798230e+05	7.875800e+02	4.288440e+05
4.172500e+02	1.818090e+05	7.860300e+02	4.270070e+05
4.182800e+02	1.882000e+05	7.855800e+02	4.247180e+05
4.190100e+02	1.906310e+05	7.849600e+02	4.282910e+05
4.195900e+02	1.914730e+05	7.842600e+02	4.345170e+05
4.208200e+02	2.003800e+05	7.836600e+02	4.325170e+05
4.215600e+02	2.035080e+05	7.825800e+02	4.252340e+05
4.221300e+02	2.043820e+05	7.819700e+02	4.284560e+05
4.232200e+02	2.114550e+05	7.807100e+02	4.359340e+05
4.239800e+02	2.111610e+05	7.802100e+02	4.405810e+05
4.245400e+02	2.132840e+05	7.792300e+02	4.500690e+05
4.252400e+02	2.152610e+05	7.788700e+02	4.588210e+05
4.258400e+02	2.177910e+05	7.772900e+02	4.655730e+05
4.265000e+02	2.229610e+05	7.767700e+02	4.680050e+05
4.271900e+02	2.246730e+05	7.761800e+02	4.690400e+05
4.278200e+02	2.276340e+05	7.752100e+02	4.782740e+05
4.286900e+02	2.302260e+05	7.745100e+02	4.794830e+05
4.292000e+02	2.316680e+05	7.738900e+02	4.781210e+05
4.301400e+02	2.307970e+05	7.734000e+02	4.754700e+05
4.306100e+02	2.339310e+05	7.730000e+02	4.769290e+05
4.314400e+02	2.426990e+05	7.721700e+02	4.801300e+05
4.326800e+02	2.475800e+05	7.712100e+02	4.784680e+05
4.333200e+02	2.467080e+05	7.705800e+02	4.770010e+05
4.343400e+02	2.550670e+05	7.699200e+02	4.788180e+05
4.349900e+02	2.648740e+05	7.676400e+02	4.800850e+05
4.356200e+02	2.692060e+05	7.660700e+02	4.808220e+05
4.363100e+02	2.690490e+05	7.653500e+02	4.878220e+05
4.365800e+02	2.732470e+05	7.644500e+02	4.876220e+05
4.372600e+02	2.802980e+05	7.641300e+02	4.875800e+05
4.379000e+02	2.822590e+05	7.636800e+02	4.866740e+05
4.385800e+02	2.831090e+05	7.629600e+02	4.851370e+05
4.393400e+02	2.873690e+05	7.622400e+02	4.839250e+05
4.399700e+02	2.953890e+05	7.619000e+02	4.852860e+05
4.411400e+02	3.080190e+05	7.607400e+02	4.853580e+05
4.418900e+02	3.188710e+05	7.600600e+02	4.855310e+05
4.432000e+02	3.369310e+05	7.589900e+02	4.881830e+05
4.439000e+02	3.395330e+05	7.585600e+02	4.890250e+05
4.442800e+02	3.501560e+05	7.578500e+02	4.945760e+05
4.457700e+02	3.763070e+05	7.572700e+02	4.976120e+05
4.464100e+02	3.920970e+05	7.560500e+02	5.000510e+05
4.473000e+02	3.978570e+05	7.551300e+02	5.017300e+05
4.481500e+02	4.187940e+05	7.544500e+02	5.069040e+05
4.484700e+02	4.315610e+05	7.533800e+02	5.123790e+05
4.499300e+02	4.647690e+05	7.525600e+02	5.233300e+05
4.504900e+02	4.781370e+05	7.522700e+02	5.279230e+05
4.507400e+02	4.783460e+05	7.515200e+02	5.364900e+05
4.516600e+02	5.037800e+05	7.510000e+02	5.423030e+05
4.527100e+02	5.238940e+05	7.502100e+02	5.429620e+05
4.534000e+02	5.363220e+05	7.493300e+02	5.323950e+05
4.540200e+02	5.450820e+05	7.483900e+02	5.276530e+05
4.552700e+02	5.666250e+05	7.475200e+02	5.228560e+05
4.556700e+02	5.741540e+05	7.467400e+02	5.260100e+05
4.563000e+02	5.874170e+05	7.460900e+02	5.219100e+05
4.576400e+02	5.979950e+05	7.452600e+02	5.138040e+05
4.584500e+02	6.033170e+05	7.444000e+02	5.090400e+05
4.594900e+02	6.218850e+05	7.436600e+02	5.090150e+05
4.601700e+02	6.283220e+05	7.431400e+02	5.106830e+05
4.608500e+02	6.289830e+05	7.419700e+02	5.155470e+05
4.611700e+02	6.393510e+05	7.414000e+02	5.103180e+05
4.626700e+02	6.462420e+05	7.406100e+02	5.190280e+05
4.635700e+02	6.476020e+05	7.396900e+02	5.323400e+05
4.641500e+02	6.514760e+05	7.392800e+02	5.323210e+05
4.646500e+02	6.550800e+05	7.386100e+02	5.329880e+05
4.656200e+02	6.569100e+05	7.381200e+02	5.354280e+05
4.665600e+02	6.639080e+05	7.371800e+02	5.259040e+05
4.670800e+02	6.674740e+05	7.365300e+02	5.141870e+05
4.678900e+02	6.676810e+05	7.354300e+02	5.017490e+05
4.687500e+02	6.680390e+05	7.347500e+02	4.987630e+05
4.692300e+02	6.681430e+05	7.341500e+02	5.075170e+05
4.697800e+02	6.605500e+05	7.330000e+02	5.187580e+05
4.713200e+02	6.734960e+05	7.322900e+02	5.258200e+05
4.723100e+02	6.734530e+05	7.316800e+02	5.298890e+05
4.730600e+02	6.800240e+05	7.312100e+02	5.289580e+05
4.736700e+02	6.837680e+05	7.305900e+02	5.281450e+05
4.744500e+02	6.804470e+05	7.297300e+02	5.279630e+05
4.757400e+02	6.885470e+05	7.294300e+02	5.308190e+05
4.761700e+02	6.864240e+05	7.287800e+02	5.325480e+05
4.768700e+02	6.818000e+05	7.278400e+02	5.359300e+05
4.777100e+02	6.872020e+05	7.269400e+02	5.367000e+05
4.780700e+02	6.840450e+05	7.259300e+02	5.427450e+05
4.792600e+02	6.919960e+05	7.255700e+02	5.484990e+05
4.799900e+02	6.909510e+05	7.245100e+02	5.508890e+05
4.815300e+02	6.968020e+05	7.239000e+02	5.472280e+05
4.822500e+02	7.027030e+05	7.229600e+02	5.429270e+05
4.827600e+02	7.090300e+05	7.220900e+02	5.455190e+05
4.833700e+02	7.073770e+05	7.213800e+02	5.497830e+05
4.841200e+02	7.032340e+05	7.205900e+02	5.593980e+05
4.844900e+02	7.023500e+05	7.197400e+02	5.565040e+05
4.855200e+02	7.047310e+05	7.187700e+02	5.546220e+05
4.861200e+02	7.085540e+05	7.183200e+02	5.598900e+05
4.873000e+02	7.028770e+05	7.172500e+02	5.664910e+05
4.879400e+02	6.986220e+05	7.168800e+02	5.693210e+05
4.884600e+02	6.998330e+05	7.163000e+02	5.716440e+05
4.888300e+02	6.983410e+05	7.157200e+02	5.656400e+05
4.898500e+02	6.968460e+05	7.144900e+02	5.560000e+05
4.909100e+02	6.937610e+05	7.137800e+02	5.506410e+05
4.915400e+02	7.031220e+05	7.129700e+02	5.489900e+05
4.922400e+02	7.060530e+05	7.122600e+02	5.435460e+05
4.930400e+02	7.130570e+05	7.113300e+02	5.396020e+05
4.940900e+02	7.115980e+05	7.104300e+02	5.424850e+05
4.949200e+02	7.150710e+05	7.090800e+02	5.468100e+05
4.955400e+02	7.198510e+05	7.083900e+02	5.485550e+05
4.970000e+02	7.177910e+05	7.079600e+02	5.531920e+05
4.976300e+02	7.162540e+05	7.069800e+02	5.535630e+05
4.985900e+02	7.191350e+05	7.062900e+02	5.489540e+05
4.994700e+02	7.245700e+05	7.053300e+02	5.485980e+05
5.002300e+02	7.158040e+05	7.043500e+02	5.419380e+05
5.008600e+02	7.144780e+05	7.034000e+02	5.376500e+05
5.017400e+02	7.175260e+05	7.026900e+02	5.451520e+05
5.024000e+02	7.188640e+05	7.021100e+02	5.450510e+05
5.033400e+02	7.176890e+05	7.011500e+02	5.409780e+05
5.040500e+02	7.193450e+05	7.004800e+02	5.421600e+05
5.046700e+02	7.131500e+05	6.998600e+02	5.383290e+05
5.051400e+02	7.120800e+05	6.988700e+02	5.405800e+05
5.059900e+02	7.093380e+05	6.982200e+02	5.525020e+05
5.067300e+02	7.062350e+05	6.973900e+02	5.548800e+05
5.077900e+02	7.070090e+05	6.966900e+02	5.440880e+05
5.087100e+02	7.093760e+05	6.955600e+02	5.526440e+05
5.093800e+02	7.091980e+05	6.942100e+02	5.455710e+05
5.103000e+02	7.110150e+05	6.933400e+02	5.602880e+05
5.109000e+02	7.098170e+05	6.927600e+02	5.410160e+05
5.113600e+02	7.129450e+05	6.918400e+02	5.292470e+05
5.125200e+02	7.251340e+05	6.906100e+02	5.342840e+05
5.137900e+02	7.346910e+05	6.898900e+02	5.358980e+05
5.145200e+02	7.341640e+05	6.893400e+02	5.366600e+05
5.155100e+02	7.429850e+05	6.886000e+02	5.249780e+05
5.162200e+02	7.427820e+05	6.875800e+02	5.135930e+05
5.170400e+02	7.378300e+05	6.870300e+02	5.089620e+05
5.174500e+02	7.353380e+05	6.860600e+02	4.912490e+05
5.185600e+02	7.302870e+05	6.852400e+02	4.787240e+05
5.193700e+02	7.378640e+05	6.845000e+02	5.030130e+05
5.199800e+02	7.392810e+05	6.837500e+02	5.322910e+05
5.205800e+02	7.410420e+05	6.832400e+02	5.391700e+05
5.214500e+02	7.367720e+05	6.822100e+02	5.684960e+05
5.221100e+02	7.354010e+05	6.811000e+02	5.756040e+05
5.226800e+02	7.330820e+05	6.806800e+02	5.722140e+05
5.237600e+02	7.398010e+05	6.793400e+02	5.707500e+05
5.245400e+02	7.432740e+05	6.788700e+02	5.666390e+05
5.255000e+02	7.389830e+05	6.783000e+02	5.628710e+05
5.263500e+02	7.370550e+05	6.775500e+02	5.666360e+05
5.270300e+02	7.424680e+05	6.766000e+02	5.539160e+05
5.273900e+02	7.431900e+05	6.759000e+02	5.510920e+05
5.282800e+02	7.376520e+05	6.751500e+02	5.395920e+05
5.290300e+02	7.314760e+05	6.744200e+02	5.614490e+05
5.296400e+02	7.359140e+05	6.740200e+02	5.726080e+05
5.304600e+02	7.407460e+05	6.730400e+02	5.740580e+05
5.319700e+02	7.340560e+05	6.720800e+02	5.684090e+05
5.331200e+02	7.335420e+05	6.714000e+02	5.722180e+05
5.333600e+02	7.356010e+05	6.699300e+02	5.899190e+05
5.340500e+02	7.342320e+05	6.692700e+02	6.030150e+05
5.347900e+02	7.319270e+05	6.685300e+02	6.148540e+05
5.357900e+02	7.300570e+05	6.683400e+02	6.154840e+05
5.365900e+02	7.349280e+05	6.672800e+02	6.239110e+05
5.370600e+02	7.309260e+05	6.667200e+02	6.240500e+05
5.376400e+02	7.276140e+05	6.660400e+02	6.348310e+05
5.388000e+02	7.331160e+05	6.653400e+02	6.431060e+05
5.396300e+02	7.323160e+05	6.646300e+02	6.490680e+05
5.402300e+02	7.297940e+05	6.637200e+02	6.401380e+05
5.409400e+02	7.293120e+05	6.628600e+02	6.214060e+05
5.411800e+02	7.335750e+05	6.621000e+02	6.124070e+05
5.418400e+02	7.326490e+05	6.615100e+02	6.163510e+05
5.424500e+02	7.337340e+05	6.613100e+02	6.222420e+05
5.434200e+02	7.300580e+05	6.596600e+02	6.327970e+05
5.444500e+02	7.324230e+05	6.587500e+02	6.386770e+05
5.453300e+02	7.323090e+05	6.580600e+02	6.417530e+05
5.461200e+02	7.269030e+05	6.570400e+02	6.384390e+05
5.476400e+02	7.169180e+05	6.563700e+02	6.309800e+05
5.484800e+02	7.231150e+05	6.554900e+02	6.306030e+05
5.492200e+02	7.253750e+05	6.548600e+02	6.332160e+05
5.501700e+02	7.196240e+05	6.538700e+02	6.416020e+05
5.509500e+02	7.201770e+05	6.530500e+02	6.502620e+05
5.516000e+02	7.281060e+05	6.520400e+02	6.538460e+05
5.528600e+02	7.254340e+05	6.511900e+02	6.538060e+05
5.535400e+02	7.263030e+05	6.505500e+02	6.503530e+05
5.545400e+02	7.403920e+05	6.499500e+02	6.547090e+05
5.548100e+02	7.381500e+05	6.487700e+02	6.630850e+05
5.554500e+02	7.367020e+05	6.481400e+02	6.641150e+05
5.560300e+02	7.320970e+05	6.474100e+02	6.598720e+05
5.572700e+02	7.340960e+05	6.464700e+02	6.523290e+05
5.576700e+02	7.363840e+05	6.458700e+02	6.547730e+05
5.584700e+02	7.441480e+05	6.452000e+02	6.540120e+05
5.595600e+02	7.339550e+05	6.443700e+02	6.484770e+05
5.603500e+02	7.305380e+05	6.437300e+02	6.451590e+05
5.613400e+02	7.259280e+05	6.429600e+02	6.442300e+05
5.621300e+02	7.287300e+05	6.424100e+02	6.459370e+05
5.627300e+02	7.395650e+05	6.411200e+02	6.431490e+05
5.639600e+02	7.377420e+05	6.400700e+02	6.421920e+05
5.645700e+02	7.325700e+05	6.397700e+02	6.406880e+05
5.660700e+02	7.391540e+05	6.384400e+02	6.426410e+05
5.668100e+02	7.380140e+05	6.380200e+02	6.422660e+05
5.674500e+02	7.334090e+05	6.374200e+02	6.384630e+05
5.689400e+02	7.296860e+05	6.362300e+02	6.348700e+05
5.696700e+02	7.327110e+05	6.355300e+02	6.327760e+05
5.706300e+02	7.272680e+05	6.349100e+02	6.398870e+05
5.716900e+02	7.274490e+05	6.338200e+02	6.568330e+05
5.726000e+02	7.250310e+05	6.334800e+02	6.602630e+05
5.731500e+02	7.276730e+05	6.324500e+02	6.591930e+05
5.739000e+02	7.316230e+05	6.315500e+02	6.607670e+05
5.750900e+02	7.339330e+05	6.312500e+02	6.593920e+05
5.757100e+02	7.257650e+05	6.305900e+02	6.552070e+05
5.761900e+02	7.223130e+05	6.288400e+02	6.651570e+05
5.769500e+02	7.176930e+05	6.283800e+02	6.643480e+05
5.776400e+02	7.152560e+05	6.273400e+02	6.548560e+05
5.784000e+02	7.161670e+05	6.265200e+02	6.565680e+05
5.786500e+02	7.158150e+05	6.255600e+02	6.559480e+05
5.796800e+02	7.160530e+05	6.248400e+02	6.532510e+05
5.805800e+02	7.131350e+05	6.241100e+02	6.500430e+05
5.812600e+02	7.140070e+05	6.228000e+02	6.520540e+05
5.818000e+02	7.147500e+05	6.218200e+02	6.659330e+05
5.825900e+02	7.068490e+05	6.210700e+02	6.691650e+05
5.835900e+02	7.054090e+05	6.204800e+02	6.679730e+05
5.845600e+02	7.028050e+05	6.194900e+02	6.654720e+05
5.852800e+02	7.032470e+05	6.191400e+02	6.619940e+05
5.858200e+02	7.053620e+05	6.181900e+02	6.586900e+05
5.861700e+02	7.102130e+05	6.175800e+02	6.519340e+05
5.868300e+02	7.176290e+05	6.170200e+02	6.562510e+05
5.876200e+02	7.146430e+05	6.162400e+02	6.591240e+05
5.885000e+02	6.967040e+05	6.158300e+02	6.618570e+05
5.891500e+02	7.044520e+05	6.151200e+02	6.590540e+05
5.898500e+02	7.131620e+05	6.146100e+02	6.594350e+05
5.903800e+02	7.039630e+05	6.139800e+02	6.589320e+05
5.913200e+02	6.999450e+05	6.128900e+02	6.676340e+05
5.927800e+02	7.063200e+05	6.124900e+02	6.657790e+05
5.934200e+02	6.965570e+05	6.119900e+02	6.670360e+05
5.940600e+02	6.908090e+05	6.112300e+02	6.686400e+05
5.947900e+02	6.996500e+05	6.104800e+02	6.803530e+05
5.957000e+02	7.041000e+05	6.094000e+02	6.835010e+05
5.964900e+02	7.029220e+05	6.088300e+02	6.802820e+05
5.977800e+02	7.039030e+05	6.080200e+02	6.756140e+05
5.984500e+02	7.051960e+05	6.072500e+02	6.801360e+05
5.994100e+02	6.996000e+05	6.064000e+02	6.816990e+05
6.000400e+02	7.031460e+05	6.056300e+02	6.791370e+05
6.008000e+02	7.048070e+05	6.053200e+02	6.773910e+05
6.015600e+02	7.043250e+05	6.043300e+02	6.804090e+05
6.021900e+02	6.969190e+05	6.030800e+02	6.927250e+05
6.032800e+02	6.947810e+05	6.023800e+02	6.943360e+05
6.038300e+02	6.939770e+05	6.017800e+02	6.977630e+05
6.051100e+02	6.787690e+05	5.999000e+02	7.010560e+05
6.060900e+02	6.813960e+05	5.991900e+02	6.985900e+05
6.069000e+02	6.854080e+05	5.988700e+02	7.000960e+05
6.076400e+02	6.785070e+05	5.980300e+02	7.045990e+05
6.087800e+02	6.777900e+05	5.974800e+02	7.020290e+05
6.090700e+02	6.827880e+05	5.963900e+02	7.018900e+05
6.098900e+02	6.858730e+05	5.958000e+02	7.014210e+05
6.108300e+02	6.825100e+05	5.950900e+02	7.046780e+05
6.115400e+02	6.709940e+05	5.946900e+02	6.980730e+05
6.123700e+02	6.679900e+05	5.941500e+02	6.924340e+05
6.130200e+02	6.700000e+05	5.928900e+02	7.014270e+05
6.137100e+02	6.659670e+05	5.919500e+02	7.061530e+05
6.146700e+02	6.588360e+05	5.913800e+02	7.015570e+05
6.153100e+02	6.625920e+05	5.909800e+02	6.957090e+05
6.160900e+02	6.642290e+05	5.899900e+02	7.020290e+05
6.162900e+02	6.596090e+05	5.891400e+02	7.061390e+05
6.176300e+02	6.557290e+05	5.886600e+02	6.974620e+05
6.186000e+02	6.616480e+05	5.880700e+02	6.981330e+05
6.196500e+02	6.665120e+05	5.871100e+02	7.168430e+05
6.204900e+02	6.701010e+05	5.863700e+02	7.109550e+05
6.211200e+02	6.717550e+05	5.856500e+02	7.057320e+05
6.219500e+02	6.700050e+05	5.849000e+02	7.031710e+05
6.224900e+02	6.624600e+05	5.841500e+02	7.004250e+05
6.234100e+02	6.510760e+05	5.835700e+02	7.083430e+05
6.242600e+02	6.529920e+05	5.827900e+02	7.063600e+05
6.252400e+02	6.562850e+05	5.813500e+02	7.136400e+05
6.257500e+02	6.595710e+05	5.805600e+02	7.129190e+05
6.267100e+02	6.615360e+05	5.800200e+02	7.130500e+05
6.273800e+02	6.580620e+05	5.793000e+02	7.169770e+05
6.280600e+02	6.623380e+05	5.785200e+02	7.158370e+05
6.287800e+02	6.659950e+05	5.778600e+02	7.147890e+05
6.299700e+02	6.640350e+05	5.772300e+02	7.163660e+05
6.305500e+02	6.608490e+05	5.763700e+02	7.175560e+05
6.309800e+02	6.608090e+05	5.754700e+02	7.228900e+05
6.316300e+02	6.649340e+05	5.744900e+02	7.322980e+05
6.322800e+02	6.630190e+05	5.737500e+02	7.311910e+05
6.332800e+02	6.673700e+05	5.726900e+02	7.275680e+05
6.342900e+02	6.645360e+05	5.720000e+02	7.234500e+05
6.351800e+02	6.464000e+05	5.713400e+02	7.261560e+05
6.355200e+02	6.396480e+05	5.704800e+02	7.248070e+05
6.365600e+02	6.411290e+05	5.695800e+02	7.273200e+05
6.374900e+02	6.417900e+05	5.688300e+02	7.259130e+05
6.383400e+02	6.464700e+05	5.681800e+02	7.252410e+05
6.390600e+02	6.462310e+05	5.669600e+02	7.294330e+05
6.399100e+02	6.446830e+05	5.664300e+02	7.354130e+05
6.406600e+02	6.467530e+05	5.660800e+02	7.350730e+05
6.415800e+02	6.494420e+05	5.654100e+02	7.343250e+05
6.426700e+02	6.524900e+05	5.645700e+02	7.289150e+05
6.433600e+02	6.491240e+05	5.638700e+02	7.348520e+05
6.446400e+02	6.526180e+05	5.631200e+02	7.391200e+05
6.450900e+02	6.597630e+05	5.623800e+02	7.329850e+05
6.465100e+02	6.563670e+05	5.614400e+02	7.233860e+05
6.471700e+02	6.573190e+05	5.607900e+02	7.287580e+05
6.477100e+02	6.668550e+05	5.601900e+02	7.276970e+05
6.488400e+02	6.689550e+05	5.595900e+02	7.291110e+05
6.495300e+02	6.631070e+05	5.588500e+02	7.360950e+05
6.501500e+02	6.605440e+05	5.576800e+02	7.364970e+05
6.504400e+02	6.577150e+05	5.571900e+02	7.322510e+05
6.513000e+02	6.567770e+05	5.566800e+02	7.287930e+05
6.524400e+02	6.595250e+05	5.558100e+02	7.306030e+05
6.529200e+02	6.566580e+05	5.553900e+02	7.322600e+05
6.539000e+02	6.471060e+05	5.547300e+02	7.364660e+05
6.548900e+02	6.399930e+05	5.542800e+02	7.365810e+05
6.555000e+02	6.351140e+05	5.533300e+02	7.279670e+05
6.564300e+02	6.322980e+05	5.524500e+02	7.246320e+05
6.567900e+02	6.400740e+05	5.514000e+02	7.233750e+05
6.583200e+02	6.442890e+05	5.503800e+02	7.193500e+05
6.587200e+02	6.395350e+05	5.498200e+02	7.194120e+05
6.596200e+02	6.358920e+05	5.488900e+02	7.224730e+05
6.602300e+02	6.370250e+05	5.482900e+02	7.217800e+05
6.608100e+02	6.347740e+05	5.476100e+02	7.165690e+05
6.617300e+02	6.197560e+05	5.465900e+02	7.196670e+05
6.625200e+02	6.140690e+05	5.451800e+02	7.290810e+05
6.631600e+02	6.236340e+05	5.448200e+02	7.310870e+05
6.641000e+02	6.424100e+05	5.442000e+02	7.291600e+05
6.650800e+02	6.504350e+05	5.435800e+02	7.251020e+05
6.664000e+02	6.310570e+05	5.430500e+02	7.296990e+05
6.669900e+02	6.263010e+05	5.425700e+02	7.317660e+05
6.674100e+02	6.250330e+05	5.416300e+02	7.326520e+05
6.680600e+02	6.199120e+05	5.402800e+02	7.270110e+05
6.686300e+02	6.125780e+05	5.396600e+02	7.297370e+05
6.698000e+02	5.997150e+05	5.393800e+02	7.340920e+05
6.701400e+02	5.873380e+05	5.380700e+02	7.338500e+05
6.706800e+02	5.792980e+05	5.372400e+02	7.305350e+05
6.716000e+02	5.713000e+05	5.360800e+02	7.345530e+05
6.725600e+02	5.659990e+05	5.351800e+02	7.304280e+05
6.732100e+02	5.702860e+05	5.346600e+02	7.338970e+05
6.737900e+02	5.730120e+05	5.338200e+02	7.351200e+05
6.746400e+02	5.623560e+05	5.322500e+02	7.368790e+05
6.753200e+02	5.437370e+05	5.315100e+02	7.337000e+05
6.759000e+02	5.554620e+05	5.307500e+02	7.362430e+05
6.774900e+02	5.671500e+05	5.297700e+02	7.369440e+05
6.785900e+02	5.647600e+05	5.289600e+02	7.311290e+05
6.796900e+02	5.694070e+05	5.282500e+02	7.325480e+05
6.800400e+02	5.725910e+05	5.279600e+02	7.397820e+05
6.805800e+02	5.744660e+05	5.267700e+02	7.409050e+05
6.816300e+02	5.751200e+05	5.256700e+02	7.380880e+05
6.819700e+02	5.709580e+05	5.252500e+02	7.400930e+05
6.828900e+02	5.597960e+05	5.243300e+02	7.448940e+05
6.842100e+02	5.317950e+05	5.235700e+02	7.437820e+05
6.848300e+02	5.064080e+05	5.228200e+02	7.361980e+05
6.853500e+02	4.884490e+05	5.219700e+02	7.347970e+05
6.857400e+02	4.898190e+05	5.215900e+02	7.371990e+05
6.869700e+02	5.038340e+05	5.209400e+02	7.399970e+05
6.877800e+02	5.199880e+05	5.201500e+02	7.432180e+05
6.884400e+02	5.152310e+05	5.195900e+02	7.391460e+05
6.892300e+02	5.352170e+05	5.186600e+02	7.354090e+05
6.901900e+02	5.397210e+05	5.178400e+02	7.328720e+05
6.905900e+02	5.383450e+05	5.174500e+02	7.362700e+05
6.918400e+02	5.372210e+05	5.161900e+02	7.437560e+05
6.925500e+02	5.302440e+05	5.156100e+02	7.460700e+05
6.930700e+02	5.505650e+05	5.150700e+02	7.387860e+05
6.935400e+02	5.646930e+05	5.143500e+02	7.339660e+05
6.944700e+02	5.474850e+05	5.137900e+02	7.335230e+05
6.950300e+02	5.499350e+05	5.129500e+02	7.300730e+05
6.961700e+02	5.615840e+05	5.126700e+02	7.234500e+05
6.968500e+02	5.508690e+05	5.116100e+02	7.183370e+05
6.975000e+02	5.562890e+05	5.113500e+02	7.122250e+05
6.982000e+02	5.587950e+05	5.104600e+02	7.108650e+05
6.997800e+02	5.391910e+05	5.097000e+02	7.100900e+05
7.007500e+02	5.423990e+05	5.089500e+02	7.129220e+05
7.009800e+02	5.441950e+05	5.087300e+02	7.097480e+05
7.016300e+02	5.429580e+05	5.074700e+02	7.047250e+05
7.023100e+02	5.492060e+05	5.067200e+02	7.064120e+05
7.036600e+02	5.413100e+05	5.057200e+02	7.082690e+05
7.043500e+02	5.406960e+05	5.054700e+02	7.059230e+05
7.046400e+02	5.485450e+05	5.043600e+02	7.129080e+05
7.055700e+02	5.533210e+05	5.038400e+02	7.148360e+05
7.063100e+02	5.479260e+05	5.026000e+02	7.186250e+05
7.073300e+02	5.579760e+05	5.020100e+02	7.175750e+05
7.084300e+02	5.540470e+05	5.006200e+02	7.110980e+05
7.090900e+02	5.513290e+05	5.000900e+02	7.140670e+05
7.096600e+02	5.459460e+05	4.993900e+02	7.243930e+05
7.111000e+02	5.431960e+05	4.973600e+02	7.129600e+05
7.118100e+02	5.417340e+05	4.966400e+02	7.172780e+05
7.131800e+02	5.502640e+05	4.954700e+02	7.155250e+05
7.135600e+02	5.514220e+05	4.940700e+02	7.077590e+05
7.142600e+02	5.558310e+05	4.932300e+02	7.052830e+05
7.147900e+02	5.570880e+05	4.924600e+02	7.099760e+05
7.164600e+02	5.741050e+05	4.917300e+02	7.015130e+05
7.169700e+02	5.728200e+05	4.914600e+02	7.003000e+05
7.176400e+02	5.642990e+05	4.908400e+02	6.946050e+05
7.179800e+02	5.629430e+05	4.901700e+02	6.885350e+05
7.187400e+02	5.572850e+05	4.891000e+02	6.956170e+05
7.199500e+02	5.553430e+05	4.887500e+02	6.954030e+05
7.208900e+02	5.574070e+05	4.875300e+02	6.958520e+05
7.211600e+02	5.535300e+05	4.863200e+02	7.057740e+05
7.224400e+02	5.462560e+05	4.859800e+02	7.052990e+05
7.231200e+02	5.480330e+05	4.850400e+02	7.006080e+05
7.239700e+02	5.493680e+05	4.842400e+02	7.043790e+05
7.243800e+02	5.506350e+05	4.836800e+02	7.010920e+05
7.250600e+02	5.527120e+05	4.825000e+02	7.093810e+05
7.256800e+02	5.526000e+05	4.816600e+02	7.009540e+05
7.262900e+02	5.475590e+05	4.813500e+02	6.934670e+05
7.273000e+02	5.384090e+05	4.806600e+02	6.887810e+05
7.282600e+02	5.367400e+05	4.798500e+02	6.900660e+05
7.286400e+02	5.362400e+05	4.789700e+02	6.914310e+05
7.295800e+02	5.313260e+05	4.785600e+02	6.853460e+05
7.303500e+02	5.304530e+05	4.777100e+02	6.848090e+05
7.308800e+02	5.302840e+05	4.774300e+02	6.852170e+05
7.321400e+02	5.327860e+05	4.764800e+02	6.821440e+05
7.337300e+02	5.157490e+05	4.754500e+02	6.880870e+05
7.342600e+02	5.125680e+05	4.751600e+02	6.839100e+05
7.354000e+02	5.024700e+05	4.740700e+02	6.790470e+05
7.357700e+02	5.054190e+05	4.727700e+02	6.746940e+05
7.370300e+02	5.228070e+05	4.721000e+02	6.731640e+05
7.378100e+02	5.359730e+05	4.713600e+02	6.710070e+05
7.384500e+02	5.396560e+05	4.706400e+02	6.753730e+05
7.390800e+02	5.362110e+05	4.698800e+02	6.595710e+05
7.397600e+02	5.369280e+05	4.693400e+02	6.661250e+05
7.404800e+02	5.302130e+05	4.679500e+02	6.690620e+05
7.411900e+02	5.198220e+05	4.671900e+02	6.673510e+05
7.417600e+02	5.176890e+05	4.658400e+02	6.592720e+05
7.427100e+02	5.187990e+05	4.650800e+02	6.585230e+05
7.435700e+02	5.155010e+05	4.642700e+02	6.546680e+05
7.446000e+02	5.166100e+05	4.628900e+02	6.512370e+05
7.458600e+02	5.226370e+05	4.622200e+02	6.470310e+05
7.464600e+02	5.290870e+05	4.615100e+02	6.434200e+05
7.470900e+02	5.340430e+05	4.601900e+02	6.305850e+05
7.484300e+02	5.335200e+05	4.592300e+02	6.222240e+05
7.492900e+02	5.383140e+05	4.585900e+02	6.119960e+05
7.500200e+02	5.470540e+05	4.579600e+02	6.064370e+05
7.507200e+02	5.503540e+05	4.565900e+02	5.912220e+05
7.513200e+02	5.482170e+05	4.558900e+02	5.829280e+05
7.520800e+02	5.406020e+05	4.553200e+02	5.713020e+05
7.526200e+02	5.342650e+05	4.546300e+02	5.669350e+05
7.534500e+02	5.223870e+05	4.542700e+02	5.516650e+05
7.541700e+02	5.164030e+05	4.531200e+02	5.378270e+05
7.545200e+02	5.146910e+05	4.517900e+02	5.071280e+05
7.558700e+02	5.055880e+05	4.510000e+02	4.813760e+05
7.564700e+02	5.075400e+05	4.501700e+02	4.748070e+05
7.572800e+02	5.052740e+05	4.496800e+02	4.666630e+05
7.576500e+02	5.052230e+05	4.488700e+02	4.447940e+05
7.587000e+02	5.013970e+05	4.480100e+02	4.194640e+05
7.593900e+02	4.976400e+05	4.475000e+02	4.081590e+05
7.602000e+02	4.955590e+05	4.465600e+02	3.932750e+05
7.610500e+02	4.935360e+05	4.461600e+02	3.875660e+05
7.620800e+02	4.953680e+05	4.455000e+02	3.739310e+05
7.627100e+02	4.909780e+05	4.449700e+02	3.624100e+05
7.636800e+02	4.927950e+05	4.439100e+02	3.446610e+05
7.638900e+02	4.940270e+05	4.431100e+02	3.394220e+05
7.649500e+02	4.941660e+05	4.423500e+02	3.253340e+05
7.653300e+02	4.960450e+05	4.416300e+02	3.173370e+05
7.664600e+02	4.908690e+05	4.410800e+02	3.092060e+05
7.673900e+02	4.881520e+05	4.400900e+02	3.016590e+05
7.679000e+02	4.861180e+05	4.394600e+02	2.929240e+05
7.685600e+02	4.877050e+05	4.387000e+02	2.861690e+05
7.691500e+02	4.873350e+05	4.380600e+02	2.832780e+05
7.700800e+02	4.872690e+05	4.371800e+02	2.797020e+05
7.708600e+02	4.874370e+05	4.361400e+02	2.698030e+05
7.717300e+02	4.904700e+05	4.348100e+02	2.686660e+05
7.724900e+02	4.913270e+05	4.339700e+02	2.599460e+05
7.729700e+02	4.918470e+05	4.334700e+02	2.527870e+05
7.750200e+02	4.872770e+05	4.326600e+02	2.491640e+05
7.754800e+02	4.873740e+05	4.319100e+02	2.444620e+05
7.759100e+02	4.817750e+05	4.312000e+02	2.396920e+05
7.769100e+02	4.765730e+05	4.306800e+02	2.325150e+05
7.775200e+02	4.679640e+05	4.300200e+02	2.360520e+05
7.781800e+02	4.707010e+05	4.288700e+02	2.322180e+05
7.789000e+02	4.669120e+05	4.282800e+02	2.320720e+05
7.797700e+02	4.542930e+05	4.277600e+02	2.302300e+05
7.807500e+02	4.465970e+05	4.263000e+02	2.235450e+05
7.817100e+02	4.426710e+05	4.253300e+02	2.191440e+05
7.824700e+02	4.372730e+05	4.248200e+02	2.144190e+05
7.832600e+02	4.341870e+05	4.240900e+02	2.138040e+05
7.847800e+02	4.439090e+05	4.237100e+02	2.158150e+05
7.857900e+02	4.351010e+05	4.227500e+02	2.081910e+05
7.863100e+02	4.370610e+05	4.218900e+02	2.062480e+05
7.868700e+02	4.361890e+05	4.209200e+02	2.030770e+05
7.876300e+02	4.375770e+05	4.200800e+02	1.980320e+05
7.885900e+02	4.366380e+05	4.194800e+02	1.938890e+05
7.890500e+02	4.341490e+05	4.182300e+02	1.910060e+05
7.900700e+02	4.326530e+05	4.174600e+02	1.888580e+05
7.907400e+02	4.310180e+05	4.168400e+02	1.818540e+05
7.917500e+02	4.204350e+05	4.164800e+02	1.801950e+05
7.924100e+02	4.096320e+05	4.155000e+02	1.797640e+05
7.930000e+02	4.038420e+05	4.151600e+02	1.776370e+05
7.936400e+02	3.957610e+05	4.142400e+02	1.739220e+05
7.941000e+02	3.903940e+05	4.128000e+02	1.703830e+05
7.947900e+02	3.833380e+05	4.117400e+02	1.671130e+05
7.960000e+02	3.692370e+05	4.110800e+02	1.624070e+05
7.964800e+02	3.668540e+05	4.103400e+02	1.563030e+05
7.980700e+02	3.600210e+05	4.096900e+02	1.569210e+05
7.986700e+02	3.555550e+05	4.087800e+02	1.588350e+05
7.993100e+02	3.521960e+05	4.082500e+02	1.590390e+05
8.001500e+02	3.451360e+05	4.074400e+02	1.580370e+05
8.008500e+02	3.354050e+05	4.067100e+02	1.531310e+05
8.019600e+02	3.254800e+05	4.060700e+02	1.521930e+05
8.035300e+02	3.185190e+05	4.054200e+02	1.497190e+05
8.039600e+02	3.101220e+05	4.042800e+02	1.471310e+05
8.044600e+02	3.088290e+05	4.037300e+02	1.472940e+05
8.050900e+02	3.029600e+05	4.031300e+02	1.437870e+05
8.061700e+02	2.877360e+05	4.027200e+02	1.450560e+05
8.075000e+02	2.731250e+05	4.019800e+02	1.465210e+05
8.083300e+02	2.676550e+05	4.014800e+02	1.445310e+05
8.090500e+02	2.594890e+05	4.008800e+02	1.419650e+05
8.096600e+02	2.530390e+05	3.997200e+02	1.386120e+05
8.107200e+02	2.374250e+05	3.986400e+02	1.404750e+05
8.113600e+02	2.285850e+05	3.981500e+02	1.394850e+05
8.116700e+02	2.265370e+05	3.975200e+02	1.408170e+05
8.122500e+02	2.240900e+05	3.971800e+02	1.367230e+05
8.128900e+02	2.215750e+05	3.958900e+02	1.347170e+05
8.134500e+02	2.173870e+05	3.950800e+02	1.355650e+05
8.155600e+02	2.052180e+05	3.944800e+02	1.347290e+05
8.160500e+02	2.043610e+05	3.937900e+02	1.355040e+05
8.167700e+02	1.952430e+05	3.930000e+02	1.331780e+05
8.174400e+02	1.932940e+05	3.924300e+02	1.333870e+05
8.179000e+02	1.876800e+05	3.918500e+02	1.341620e+05
8.188700e+02	1.827110e+05	3.913000e+02	1.322040e+05
8.195300e+02	1.814330e+05	3.902900e+02	1.312430e+05
8.202900e+02	1.734270e+05	3.895100e+02	1.286870e+05
8.213300e+02	1.687140e+05	3.890500e+02	1.278390e+05
8.220700e+02	1.622780e+05	3.882400e+02	1.298450e+05
8.230100e+02	1.537720e+05	3.871600e+02	1.303020e+05
8.235900e+02	1.514620e+05	3.865000e+02	1.272450e+05
8.248800e+02	1.408840e+05	3.858600e+02	1.280390e+05
8.255400e+02	1.378210e+05	3.848200e+02	1.268490e+05
8.264800e+02	1.368510e+05	3.842300e+02	1.260410e+05
8.274000e+02	1.334290e+05	3.838300e+02	1.259720e+05
8.277200e+02	1.262730e+05	3.826600e+02	1.238120e+05
8.287400e+02	1.247470e+05	3.812600e+02	1.256590e+05
8.289400e+02	1.220700e+05	3.804000e+02	1.205660e+05
8.298600e+02	1.214110e+05	3.792500e+02	1.216840e+05
8.302500e+02	1.167430e+05	3.788800e+02	1.198720e+05
8.312200e+02	1.153230e+05	3.777300e+02	1.199770e+05
8.325500e+02	1.101400e+05	3.773800e+02	1.212000e+05
8.333800e+02	1.086320e+05	3.762000e+02	1.204980e+05
8.339700e+02	1.085460e+05	3.752300e+02	1.207370e+05
8.354000e+02	1.013530e+05	3.746100e+02	1.205710e+05
8.358000e+02	1.000420e+05	3.738800e+02	1.182380e+05
8.363500e+02	1.023290e+05	3.730900e+02	1.201560e+05
8.366600e+02	9.884000e+04	3.723600e+02	1.185500e+05
8.379800e+02	9.683300e+04	3.714700e+02	1.187010e+05
8.387100e+02	9.733400e+04	3.710300e+02	1.191800e+05
8.394700e+02	9.688100e+04	3.704400e+02	1.145810e+05
8.401300e+02	9.468500e+04	3.697600e+02	1.159820e+05
8.408500e+02	9.530200e+04	3.692900e+02	1.156800e+05
8.418200e+02	9.273000e+04	3.680500e+02	1.152610e+05
8.427200e+02	9.307300e+04	3.675800e+02	1.147980e+05
8.436400e+02	9.466800e+04	3.669400e+02	1.139040e+05
8.445500e+02	9.305700e+04	3.665400e+02	1.134730e+05
8.454100e+02	9.191900e+04	3.656900e+02	1.127720e+05
8.460700e+02	9.094000e+04	3.646500e+02	1.130420e+05
8.466500e+02	8.899400e+04	3.639200e+02	1.110160e+05
8.474800e+02	8.991200e+04	3.630900e+02	1.091520e+05
8.478900e+02	8.984400e+04	3.623600e+02	1.112060e+05
8.489300e+02	9.014500e+04	3.608200e+02	1.088350e+05
8.505500e+02	9.032400e+04	3.599600e+02	1.094140e+05
8.515200e+02	8.807100e+04	3.593100e+02	1.090200e+05
8.520900e+02	8.894800e+04	3.584100e+02	1.086020e+05
8.528300e+02	8.861500e+04	3.574600e+02	1.069080e+05
8.534300e+02	8.830000e+04	3.561500e+02	1.053770e+05
8.542000e+02	8.792400e+04	3.546400e+02	1.053710e+05
8.548000e+02	8.768900e+04	3.541100e+02	1.057710e+05
8.558300e+02	8.682900e+04	3.533600e+02	1.037190e+05
8.562200e+02	8.593800e+04	3.524300e+02	1.037120e+05
8.572000e+02	8.498300e+04	3.518000e+02	1.039410e+05
8.576500e+02	8.574500e+04	3.512200e+02	1.015680e+05
8.588100e+02	8.508300e+04	3.502100e+02	1.005500e+05
8.603800e+02	8.553100e+04	3.496200e+02	1.016940e+05
8.609100e+02	8.643600e+04	3.488500e+02	1.008900e+05
8.616500e+02	8.625100e+04	3.479000e+02	9.935400e+04
8.622800e+02	8.634600e+04	3.473400e+02	9.930600e+04
8.633500e+02	8.611300e+04	3.463400e+02	9.796200e+04
8.639600e+02	8.509300e+04	3.457300e+02	9.924000e+04
8.647100e+02	8.554100e+04	3.451600e+02	9.704600e+04
8.656300e+02	8.670000e+04	3.441600e+02	9.669300e+04
8.664700e+02	8.508500e+04	3.434600e+02	9.635600e+04
8.674800e+02	8.511900e+04	3.426000e+02	9.702700e+04
8.684300e+02	8.355800e+04	3.417700e+02	9.621200e+04
8.695000e+02	8.676300e+04	3.410400e+02	9.630500e+04
8.706300e+02	8.749000e+04	3.399100e+02	9.671000e+04
8.719400e+02	8.547800e+04	3.392600e+02	9.435300e+04
8.725700e+02	8.612000e+04	3.386400e+02	9.548800e+04
8.733800e+02	8.599200e+04	3.378100e+02	9.635100e+04
8.738300e+02	8.458000e+04	3.372200e+02	9.398400e+04
8.747600e+02	8.483500e+04	3.364700e+02	9.235100e+04
8.755200e+02	8.579300e+04	3.357200e+02	9.278600e+04
8.764300e+02	8.550000e+04	3.345100e+02	9.195000e+04
8.770900e+02	8.723100e+04	3.341000e+02	9.240100e+04
8.776700e+02	8.753500e+04	3.330800e+02	9.143800e+04
8.783800e+02	8.672200e+04	3.327500e+02	9.156600e+04
8.790800e+02	8.685100e+04	3.317700e+02	9.129300e+04
8.805000e+02	8.700100e+04	3.310700e+02	9.073600e+04
8.810500e+02	8.693100e+04	3.303600e+02	9.046500e+04
8.817900e+02	8.688200e+04	3.294300e+02	8.923700e+04
8.822500e+02	8.734200e+04	3.278800e+02	8.992700e+04
8.830900e+02	8.677300e+04	3.273100e+02	8.942100e+04
8.834600e+02	8.589800e+04	3.261300e+02	8.968500e+04
8.841600e+02	8.738300e+04	3.255500e+02	8.995900e+04
8.848800e+02	8.655900e+04	3.245200e+02	8.834800e+04
8.857700e+02	8.640200e+04	3.242000e+02	8.705000e+04
8.866700e+02	8.802500e+04	3.235800e+02	8.704000e+04
8.873600e+02	8.631100e+04	3.221600e+02	8.732700e+04
8.879800e+02	8.779900e+04	3.215200e+02	8.676800e+04
8.888800e+02	8.715500e+04	3.206600e+02	8.683700e+04
8.898200e+02	8.930900e+04	3.196800e+02	8.600100e+04
8.908700e+02	8.726500e+04	3.196800e+02	8.689400e+04
8.912100e+02	8.827000e+04	3.187600e+02	8.728400e+04
8.918700e+02	8.965000e+04	3.178700e+02	8.598200e+04
8.928200e+02	9.000500e+04	3.170800e+02	8.521300e+04
8.936800e+02	9.003900e+04	3.159800e+02	8.521800e+04
8.942900e+02	9.104000e+04	3.151600e+02	8.742400e+04
8.949700e+02	8.893000e+04	3.145600e+02	8.463900e+04
8.954600e+02	8.972200e+04	3.140600e+02	8.699700e+04
8.966600e+02	9.052200e+04	3.135200e+02	8.539500e+04
8.973500e+02	9.171500e+04	3.120000e+02	8.412000e+04
8.982600e+02	9.195000e+04	3.113500e+02	8.451300e+04
8.991600e+02	9.311700e+04	3.105300e+02	8.357900e+04
8.997800e+02	9.202900e+04	3.093200e+02	8.348000e+04
8.999900e+02	9.385600e+04	3.087300e+02	8.416400e+04
9.000000e+02	9.188700e+04	3.078400e+02	8.456800e+04
		3.070200e+02	8.357400e+04
		3.062000e+02	8.258800e+04
		3.054300e+02	8.373400e+04
		3.047500e+02	8.229300e+04
		3.041900e+02	8.387400e+04
		3.032100e+02	8.246500e+04
		3.029700e+02	8.294800e+04
		3.022900e+02	8.286900e+04
		3.013400e+02	8.219400e+04
		3.006900e+02	8.307200e+04
		3.001800e+02	8.249500e+04
		3.000000e+02	8.344700e+04
