# Shape: 1 64 64
# comment: 
# metadata: {'created': '2026-08-07T11_12_39', 'description': '3D scan'}
# name: 2026-08-07T11_12_39
# parameters: {'Np_slice': 4096, 'Np_total': 4096, 'Np_x': 64, 'Np_y': 64, 'Np_z': 1, 'accum_time': 10, 'step_x': 1024, 'step_y': 1024, 'step_z': 1024, 'x1': 0, 'x2': 65535, 'y1': 0, 'y2': 65535, 'z1': 0, 'z2': 0}
# units: {'accum_time_ms': 'ms', 'cord': 'LSB'}
# === DATA START ===
1.600000e+01	1.600000e+01	1.400000e+01	1.600000e+01	1.700000e+01	1.700000e+01	9.000000e+00	1.100000e+01	1.000000e+01	1.600000e+01	1.000000e+01	2.400000e+01	1.200000e+01	1.600000e+01	2.700000e+01	2.500000e+01	3.700000e+01	7.200000e+01	7.000000e+01	1.060000e+02	4.600000e+01	1.200000e+02	1.160000e+02	1.076000e+03	2.850000e+02	8.920000e+02	4.200000e+01	2.050000e+02	2.370000e+02	1.640000e+02	2.420000e+02	1.484000e+03	1.254000e+03	4.050000e+02	7.000000e+01	1.570000e+02	4.210000e+02	2.580000e+02	1.720000e+02	3.500000e+02	6.390000e+02	1.187000e+03	4.670000e+02	1.201000e+03	6.490000e+02	2.330000e+02	2.831000e+03	1.188000e+03	1.380000e+02	2.150000e+02	9.200000e+01	3.600000e+01	1.000000e+01	1.700000e+01	1.200000e+01	9.000000e+00	1.200000e+01	1.500000e+01	1.600000e+01	2.100000e+01	2.000000e+01	5.000000e+00	1.400000e+01	1.700000e+01
1.600000e+01	1.700000e+01	1.800000e+01	1.400000e+01	1.400000e+01	1.600000e+01	1.100000e+01	1.400000e+01	1.800000e+01	2.000000e+01	1.400000e+01	1.500000e+01	1.200000e+01	3.000000e+01	8.200000e+01	6.500000e+01	6.100000e+01	2.560000e+02	4.900000e+01	1.224000e+03	8.500000e+01	5.900000e+01	1.010000e+02	1.820000e+02	5.110000e+02	4.480000e+02	8.600000e+01	1.180000e+02	1.050000e+02	1.120000e+02	9.000000e+01	5.150000e+02	3.390000e+02	2.740000e+02	3.440000e+02	5.780000e+02	4.750000e+02	8.690000e+02	2.560000e+02	1.130000e+02	9.660000e+02	1.260000e+02	5.900000e+01	2.530000e+02	3.600000e+01	1.550000e+02	5.580000e+02	3.270000e+02	2.240000e+02	1.250000e+02	2.100000e+01	4.200000e+01	2.400000e+01	2.700000e+01	1.400000e+01	1.100000e+01	1.100000e+01	1.600000e+01	2.600000e+01	2.400000e+01	1.300000e+01	1.400000e+01	1.600000e+01	1.500000e+01
1.400000e+01	1.300000e+01	1.500000e+01	2.200000e+01	1.600000e+01	1.600000e+01	1.900000e+01	1.200000e+01	1.500000e+01	2.400000e+01	1.400000e+01	1.500000e+01	2.200000e+01	3.500000e+01	6.600000e+01	4.600000e+01	8.000000e+01	8.800000e+01	2.460000e+02	4.200000e+01	8.500000e+01	1.140000e+02	1.720000e+02	4.590000e+02	1.960000e+02	7.000000e+01	8.240000e+02	5.150000e+02	5.820000e+02	6.500000e+01	8.390000e+02	8.900000e+01	3.760000e+02	4.220000e+02	5.470000e+02	1.310000e+02	2.630000e+02	5.900000e+01	2.500000e+01	8.800000e+01	6.100000e+01	2.320000e+02	9.270000e+02	1.170000e+02	3.660000e+02	2.850000e+02	5.180000e+02	4.560000e+02	4.860000e+02	4.000000e+01	3.900000e+01	8.900000e+01	3.080000e+02	8.000000e+01	3.400000e+01	1.800000e+01	1.800000e+01	1.100000e+01	1.800000e+01	1.400000e+01	1.100000e+01	1.200000e+01	1.700000e+01	1.400000e+01
1.400000e+01	1.600000e+01	1.600000e+01	1.300000e+01	2.100000e+01	1.300000e+01	1.200000e+01	1.900000e+01	1.100000e+01	1.300000e+01	1.900000e+01	1.600000e+01	1.000000e+01	5.900000e+01	2.700000e+01	8.200000e+01	8.200000e+01	2.260000e+02	7.600000e+01	5.600000e+01	8.800000e+01	1.221000e+03	8.900000e+02	3.620000e+02	3.360000e+02	7.600000e+01	1.650000e+02	2.910000e+02	2.610000e+03	5.500000e+01	2.810000e+02	5.450000e+02	4.040000e+02	1.697000e+03	9.560000e+02	5.900000e+01	4.000000e+01	4.460000e+02	8.950000e+02	4.700000e+02	4.390000e+02	2.480000e+02	2.880000e+02	4.800000e+01	1.440000e+02	6.100000e+01	1.000000e+02	7.000000e+01	8.150000e+02	4.800000e+02	4.590000e+02	4.310000e+02	5.700000e+01	5.300000e+01	2.260000e+02	1.500000e+01	1.500000e+01	1.100000e+01	1.200000e+01	1.100000e+01	1.500000e+01	1.300000e+01	1.900000e+01	1.300000e+01
1.400000e+01	8.000000e+00	2.100000e+01	1.200000e+01	1.100000e+01	1.000000e+01	6.000000e+00	1.200000e+01	1.200000e+01	1.500000e+01	2.000000e+01	1.800000e+01	2.200000e+01	2.300000e+01	4.200000e+01	6.000000e+01	7.900000e+01	1.710000e+02	1.450000e+02	3.900000e+01	1.030000e+02	8.770000e+02	5.400000e+01	1.138000e+03	1.250000e+02	7.900000e+01	3.370000e+02	8.250000e+02	1.760000e+02	4.890000e+02	1.080000e+02	1.680000e+02	2.830000e+02	1.235000e+03	2.850000e+02	5.900000e+01	3.900000e+01	5.930000e+02	4.500000e+01	2.530000e+02	6.180000e+02	1.590000e+02	7.200000e+01	2.520000e+02	5.200000e+01	6.700000e+01	3.150000e+02	5.570000e+02	5.410000e+02	9.400000e+01	4.410000e+02	3.100000e+02	3.700000e+02	4.800000e+01	4.140000e+02	1.700000e+01	2.500000e+01	1.900000e+01	2.000000e+01	1.600000e+01	1.600000e+01	9.000000e+00	2.100000e+01	5.000000e+00
2.100000e+01	1.700000e+01	1.400000e+01	2.000000e+01	2.100000e+01	1.800000e+01	1.300000e+01	1.900000e+01	1.900000e+01	2.600000e+01	2.000000e+01	3.200000e+01	3.700000e+01	1.810000e+02	1.560000e+02	9.200000e+01	8.900000e+01	8.800000e+01	2.890000e+02	5.260000e+02	5.770000e+02	4.610000e+02	8.610000e+02	3.900000e+01	2.100000e+01	1.070000e+02	9.700000e+01	1.800000e+01	8.060000e+02	8.300000e+01	2.280000e+02	3.300000e+02	5.500000e+01	1.459000e+03	6.760000e+02	2.970000e+02	2.100000e+02	1.650000e+02	8.700000e+01	5.070000e+02	2.750000e+02	2.400000e+01	4.070000e+02	1.332000e+03	8.880000e+02	3.000000e+01	4.570000e+02	2.970000e+02	3.810000e+02	7.500000e+01	9.250000e+02	9.550000e+02	6.870000e+02	2.080000e+02	1.620000e+02	2.720000e+02	6.400000e+01	1.400000e+01	1.700000e+01	1.100000e+01	1.100000e+01	1.200000e+01	1.600000e+01	1.800000e+01
1.300000e+01	1.400000e+01	1.300000e+01	1.600000e+01	1.400000e+01	1.500000e+01	1.700000e+01	1.800000e+01	1.700000e+01	2.200000e+01	1.700000e+01	1.800000e+01	3.500000e+01	8.000000e+01	1.060000e+02	6.980000e+02	2.900000e+01	6.170000e+02	2.050000e+02	4.900000e+01	2.700000e+01	1.090000e+02	6.000000e+02	4.640000e+02	3.500000e+01	2.490000e+02	3.410000e+02	3.010000e+02	3.130000e+02	3.160000e+02	6.880000e+02	8.210000e+02	4.650000e+02	1.720000e+02	1.011000e+03	4.030000e+02	4.440000e+02	1.022000e+03	8.850000e+02	2.730000e+02	5.460000e+02	3.300000e+01	9.120000e+02	3.260000e+02	3.000000e+01	1.710000e+02	1.600000e+02	2.620000e+02	2.280000e+02	9.200000e+01	2.600000e+02	9.800000e+01	1.360000e+02	2.820000e+02	5.900000e+01	1.390000e+02	1.120000e+02	6.300000e+01	4.400000e+01	1.500000e+01	1.400000e+01	1.600000e+01	2.300000e+01	1.700000e+01
2.000000e+01	1.000000e+01	1.500000e+01	2.000000e+01	1.200000e+01	1.100000e+01	1.600000e+01	1.200000e+01	1.900000e+01	4.200000e+01	8.800000e+01	6.200000e+01	5.800000e+01	3.800000e+01	3.100000e+01	1.190000e+02	4.250000e+02	3.300000e+02	2.270000e+02	3.520000e+02	3.690000e+02	3.260000e+02	6.500000e+01	4.110000e+02	6.400000e+01	2.700000e+01	3.290000e+02	7.470000e+02	2.920000e+02	6.250000e+02	8.740000e+02	4.620000e+02	2.550000e+02	1.900000e+02	2.300000e+02	9.500000e+01	4.390000e+02	4.320000e+02	9.300000e+01	4.400000e+02	3.410000e+02	1.930000e+02	2.670000e+02	2.640000e+02	1.310000e+02	4.990000e+02	3.500000e+01	1.990000e+02	1.490000e+02	3.790000e+02	2.730000e+02	3.400000e+02	3.440000e+02	1.340000e+02	5.970000e+02	4.130000e+02	3.400000e+01	1.498000e+03	1.450000e+02	4.800000e+01	1.400000e+01	1.000000e+01	2.000000e+01	1.100000e+01
1.400000e+01	1.500000e+01	1.000000e+01	1.800000e+01	1.300000e+01	2.100000e+01	2.400000e+01	1.900000e+01	1.600000e+01	1.900000e+01	2.400000e+01	1.100000e+01	1.900000e+01	8.900000e+01	3.220000e+02	3.700000e+02	4.900000e+01	1.567000e+03	2.220000e+02	5.800000e+01	1.008000e+03	3.300000e+01	1.205000e+03	3.620000e+02	1.750000e+02	9.000000e+01	2.610000e+02	1.780000e+02	1.964000e+03	3.300000e+01	7.020000e+02	1.382000e+03	2.710000e+02	1.050000e+02	4.200000e+01	4.600000e+01	1.620000e+02	2.250000e+02	4.300000e+01	3.030000e+02	6.900000e+01	5.830000e+02	5.030000e+02	9.700000e+01	4.583000e+03	5.030000e+02	3.900000e+01	1.860000e+02	3.180000e+02	2.400000e+02	4.000000e+01	5.700000e+01	3.450000e+02	6.120000e+02	2.300000e+01	8.430000e+02	3.760000e+02	1.258000e+03	1.080000e+02	1.210000e+02	1.600000e+01	1.000000e+01	1.000000e+01	1.600000e+01
1.000000e+01	1.600000e+01	1.100000e+01	1.300000e+01	1.500000e+01	1.100000e+01	1.400000e+01	2.000000e+01	1.900000e+01	4.100000e+01	9.400000e+01	5.600000e+01	3.300000e+01	2.900000e+01	2.780000e+02	1.380000e+02	1.950000e+02	5.420000e+02	2.220000e+02	1.240000e+02	7.360000e+02	3.100000e+01	1.490000e+02	3.660000e+02	4.190000e+02	4.900000e+01	4.900000e+01	1.340000e+02	4.100000e+02	1.177000e+03	2.010000e+02	3.500000e+01	5.800000e+01	4.000000e+01	6.690000e+02	1.300000e+02	3.700000e+01	1.060000e+02	1.320000e+02	1.172000e+03	9.400000e+01	7.640000e+02	3.000000e+01	1.733000e+03	8.350000e+02	3.500000e+01	5.250000e+02	1.170000e+02	3.540000e+02	1.030000e+02	2.610000e+02	1.186000e+03	3.300000e+01	8.850000e+02	2.310000e+02	1.405000e+03	5.150000e+02	1.310000e+02	1.710000e+02	1.800000e+01	4.100000e+01	1.400000e+01	1.700000e+01	1.800000e+01
4.000000e+00	1.600000e+01	1.800000e+01	2.000000e+01	1.200000e+01	1.700000e+01	1.300000e+01	1.400000e+01	1.700000e+01	4.900000e+01	1.400000e+01	6.500000e+01	2.800000e+01	6.600000e+01	4.500000e+01	1.380000e+02	4.550000e+02	3.550000e+02	9.100000e+01	8.700000e+01	7.600000e+01	3.400000e+01	1.061000e+03	2.640000e+02	2.500000e+01	3.200000e+01	4.030000e+02	2.600000e+02	4.700000e+02	2.010000e+02	1.790000e+02	7.400000e+01	2.590000e+02	2.120000e+02	2.500000e+01	7.600000e+01	3.400000e+01	2.110000e+02	6.800000e+01	8.500000e+01	2.550000e+02	1.260000e+02	3.000000e+02	2.930000e+02	1.590000e+02	2.560000e+02	1.690000e+03	3.700000e+01	1.460000e+02	1.005000e+03	4.370000e+02	1.150000e+03	1.540000e+02	3.140000e+02	2.540000e+02	1.440000e+02	6.490000e+02	1.010000e+03	6.190000e+02	9.900000e+01	2.070000e+02	2.000000e+01	1.600000e+01	2.200000e+01
1.700000e+01	2.800000e+01	1.600000e+01	1.000000e+01	2.000000e+01	1.400000e+01	2.200000e+01	2.100000e+01	4.000000e+01	2.300000e+01	4.700000e+01	3.400000e+01	8.600000e+01	3.700000e+01	8.500000e+01	3.450000e+02	1.520000e+02	4.110000e+02	1.270000e+02	7.390000e+02	2.920000e+02	6.300000e+01	1.420000e+02	5.800000e+01	1.000000e+02	4.120000e+02	3.290000e+02	2.470000e+02	1.980000e+02	3.330000e+02	1.710000e+02	6.000000e+01	2.920000e+02	1.090000e+02	4.170000e+02	6.420000e+02	2.080000e+02	3.880000e+02	1.930000e+02	1.790000e+02	1.025000e+03	4.700000e+02	9.840000e+02	7.400000e+01	1.268000e+03	2.820000e+02	1.540000e+02	1.080000e+02	2.570000e+02	1.910000e+02	3.850000e+02	1.860000e+02	5.210000e+02	3.010000e+02	3.000000e+01	3.290000e+02	1.337000e+03	6.500000e+01	1.275000e+03	8.430000e+02	9.700000e+01	8.800000e+01	1.600000e+01	1.500000e+01
1.800000e+01	1.400000e+01	1.500000e+01	1.800000e+01	1.300000e+01	1.300000e+01	1.800000e+01	1.900000e+01	2.400000e+01	2.700000e+01	5.400000e+01	9.100000e+01	1.080000e+02	1.580000e+02	2.240000e+02	5.190000e+02	1.742000e+03	6.930000e+02	7.210000e+02	2.810000e+02	1.020000e+02	1.930000e+02	4.590000e+02	6.970000e+02	9.590000e+02	2.090000e+02	2.860000e+02	8.700000e+01	2.830000e+02	4.690000e+02	2.220000e+02	4.780000e+02	8.500000e+01	2.400000e+02	5.630000e+02	8.880000e+02	3.750000e+02	1.170000e+02	6.500000e+01	2.490000e+03	4.290000e+02	3.300000e+01	1.230000e+02	7.700000e+01	3.070000e+02	2.350000e+02	1.690000e+02	2.460000e+02	6.500000e+01	4.170000e+02	3.508000e+03	3.500000e+02	4.830000e+02	7.400000e+01	1.200000e+02	2.214000e+03	1.640000e+02	3.020000e+02	7.090000e+02	3.210000e+02	2.670000e+02	7.100000e+01	6.100000e+01	1.500000e+01
1.600000e+01	1.900000e+01	1.000000e+01	1.800000e+01	2.000000e+01	1.900000e+01	1.700000e+01	3.500000e+01	2.000000e+01	1.020000e+02	2.900000e+01	3.810000e+02	6.870000e+02	9.090000e+02	2.340000e+02	4.000000e+01	2.310000e+02	1.528000e+03	4.770000e+02	1.780000e+02	7.170000e+02	3.630000e+02	4.850000e+02	4.100000e+01	6.810000e+02	7.000000e+01	1.040000e+02	4.700000e+01	2.000000e+02	4.970000e+02	1.150000e+03	7.630000e+02	5.140000e+02	4.400000e+01	2.360000e+02	2.830000e+02	6.590000e+02	1.190000e+02	2.900000e+01	1.450000e+02	1.410000e+02	1.270000e+02	4.730000e+02	1.850000e+02	2.900000e+01	3.400000e+01	1.580000e+02	2.700000e+02	1.360000e+02	4.250000e+02	1.140000e+02	6.350000e+02	8.990000e+02	9.500000e+01	4.500000e+01	5.800000e+01	2.400000e+01	1.490000e+02	8.900000e+01	4.150000e+02	4.790000e+02	6.700000e+01	7.600000e+01	2.600000e+01
1.400000e+01	3.000000e+01	1.400000e+01	1.600000e+01	1.400000e+01	2.300000e+01	1.600000e+01	1.600000e+01	3.500000e+01	8.600000e+01	1.140000e+02	3.000000e+01	1.940000e+02	4.000000e+01	6.500000e+01	1.220000e+02	1.676000e+03	8.700000e+01	1.213000e+03	6.200000e+01	1.320000e+02	2.930000e+02	1.300000e+02	1.830000e+02	8.700000e+01	5.610000e+02	1.310000e+02	4.300000e+01	1.300000e+02	2.150000e+02	7.500000e+01	7.600000e+01	5.200000e+01	5.370000e+02	7.300000e+01	8.190000e+02	2.250000e+02	8.530000e+02	1.900000e+02	9.450000e+02	8.200000e+01	1.610000e+02	2.030000e+02	6.000000e+01	2.390000e+02	1.080000e+02	3.060000e+02	8.500000e+01	1.406000e+03	3.800000e+01	5.050000e+02	1.530000e+02	7.390000e+02	1.100000e+02	2.820000e+02	4.850000e+02	8.700000e+01	3.030000e+02	7.780000e+02	2.570000e+02	4.170000e+02	1.220000e+02	9.600000e+01	7.900000e+01
1.500000e+01	1.500000e+01	1.800000e+01	1.500000e+01	1.800000e+01	1.000000e+01	1.900000e+01	3.000000e+01	2.700000e+01	2.700000e+01	2.200000e+01	9.900000e+01	8.100000e+01	9.400000e+01	4.330000e+02	8.830000e+02	1.390000e+02	5.180000e+02	3.750000e+02	1.690000e+02	2.220000e+02	3.970000e+02	2.030000e+02	1.700000e+02	2.300000e+01	5.160000e+02	3.800000e+01	9.140000e+02	2.490000e+02	5.370000e+02	5.980000e+02	1.540000e+02	3.750000e+02	1.530000e+02	1.880000e+02	3.820000e+02	8.200000e+01	1.764000e+03	1.420000e+02	2.030000e+02	1.200000e+02	2.860000e+02	7.000000e+01	2.430000e+02	2.000000e+01	2.800000e+02	1.430000e+02	9.900000e+01	2.700000e+02	1.160000e+02	5.310000e+02	7.820000e+02	7.310000e+02	7.460000e+02	4.770000e+02	1.067000e+03	2.850000e+02	7.110000e+02	8.890000e+02	4.160000e+02	2.160000e+02	1.270000e+02	1.520000e+02	5.700000e+01
1.800000e+01	1.800000e+01	1.400000e+01	2.600000e+01	1.800000e+01	1.500000e+01	2.800000e+01	2.000000e+01	2.800000e+01	3.500000e+01	7.700000e+01	2.210000e+02	9.400000e+01	4.300000e+02	6.110000e+02	4.330000e+02	2.260000e+02	3.430000e+02	3.400000e+01	1.780000e+02	5.820000e+02	3.830000e+02	1.550000e+02	2.080000e+02	1.960000e+02	5.700000e+01	1.300000e+02	2.430000e+02	1.790000e+02	3.880000e+02	2.190000e+02	9.600000e+01	1.510000e+02	2.220000e+02	5.290000e+02	4.600000e+01	5.200000e+02	4.340000e+02	9.700000e+01	7.300000e+01	8.100000e+01	4.600000e+01	3.320000e+02	5.600000e+01	4.300000e+01	5.450000e+02	8.500000e+01	1.130000e+02	5.120000e+02	4.400000e+02	1.112000e+03	1.420000e+02	1.322000e+03	1.580000e+02	7.760000e+02	1.678000e+03	7.710000e+02	9.290000e+02	4.470000e+02	7.950000e+02	1.500000e+02	8.450000e+02	1.660000e+02	1.450000e+02
2.200000e+01	2.000000e+01	1.600000e+01	1.800000e+01	1.900000e+01	1.400000e+01	2.700000e+01	1.900000e+01	3.400000e+01	3.600000e+01	3.000000e+01	1.100000e+02	1.040000e+03	1.000000e+02	9.630000e+02	1.320000e+02	1.510000e+02	1.340000e+02	6.300000e+01	2.210000e+02	3.500000e+01	3.550000e+02	4.300000e+01	3.456000e+03	2.130000e+02	8.100000e+01	1.156000e+03	2.680000e+02	2.060000e+02	1.948000e+03	1.610000e+02	8.850000e+02	1.170000e+02	9.880000e+02	8.590000e+02	3.850000e+02	1.090000e+02	3.050000e+02	6.510000e+02	7.660000e+02	1.280000e+02	1.780000e+02	3.220000e+02	6.300000e+01	1.210000e+02	2.250000e+02	7.400000e+01	1.760000e+02	5.300000e+02	4.800000e+02	3.760000e+02	3.990000e+02	1.100000e+03	5.600000e+02	6.100000e+01	5.540000e+02	1.710000e+02	3.000000e+02	1.650000e+02	5.660000e+02	2.150000e+02	8.100000e+01	4.150000e+02	5.900000e+01
9.000000e+00	1.300000e+01	1.700000e+01	1.600000e+01	1.600000e+01	2.100000e+01	2.800000e+01	1.800000e+01	3.800000e+01	3.400000e+01	7.200000e+01	1.640000e+02	1.240000e+02	1.660000e+02	4.600000e+01	5.800000e+01	1.740000e+02	8.000000e+01	3.055000e+03	9.000000e+01	2.040000e+02	9.900000e+01	7.000000e+01	3.710000e+02	1.112000e+03	1.200000e+03	1.680000e+02	3.170000e+02	4.600000e+01	3.090000e+02	6.300000e+01	1.560000e+02	4.220000e+02	2.960000e+02	8.600000e+01	5.600000e+01	6.450000e+02	4.150000e+02	3.230000e+02	1.230000e+02	1.920000e+02	4.200000e+01	2.399000e+03	2.200000e+01	1.310000e+02	1.176000e+03	5.300000e+01	8.700000e+01	1.477000e+03	1.060000e+02	1.130000e+02	3.860000e+02	7.690000e+02	1.620000e+02	1.480000e+02	8.630000e+02	3.050000e+02	3.530000e+02	6.340000e+02	2.730000e+02	9.900000e+01	1.960000e+02	1.070000e+02	3.200000e+01
1.200000e+01	1.300000e+01	2.500000e+01	1.200000e+01	2.100000e+01	2.500000e+01	3.600000e+01	3.200000e+01	2.000000e+01	2.600000e+01	1.560000e+02	1.430000e+02	1.330000e+02	1.520000e+02	9.260000e+02	3.410000e+02	1.206000e+03	6.630000e+02	6.060000e+02	3.800000e+02	8.330000e+02	1.600000e+02	9.900000e+01	7.500000e+01	6.600000e+01	7.400000e+01	1.039000e+03	2.270000e+02	1.890000e+02	3.430000e+02	2.490000e+02	1.390000e+02	3.230000e+02	3.050000e+02	1.470000e+02	6.800000e+01	1.390000e+02	4.500000e+01	3.700000e+01	7.200000e+01	7.800000e+01	4.300000e+02	2.040000e+02	8.160000e+02	6.200000e+02	7.200000e+01	7.380000e+02	4.400000e+02	1.214000e+03	1.660000e+02	1.294000e+03	6.320000e+02	1.843000e+03	1.174000e+03	6.490000e+02	3.650000e+02	1.544000e+03	7.780000e+02	8.460000e+02	3.210000e+02	5.350000e+02	2.290000e+02	1.350000e+02	1.780000e+02
1.200000e+01	1.300000e+01	1.800000e+01	1.300000e+01	1.600000e+01	2.100000e+01	1.100000e+01	6.100000e+01	3.000000e+01	3.700000e+01	3.000000e+01	4.500000e+01	4.100000e+01	1.460000e+02	2.010000e+02	4.210000e+02	9.800000e+01	3.650000e+02	4.600000e+02	3.080000e+02	5.930000e+02	1.880000e+02	5.000000e+01	2.760000e+02	4.600000e+01	5.680000e+02	1.369000e+03	9.500000e+01	6.310000e+02	1.850000e+02	4.200000e+01	5.500000e+01	2.650000e+02	9.500000e+01	1.270000e+02	4.890000e+02	2.600000e+02	1.970000e+02	2.540000e+02	2.520000e+02	2.280000e+02	2.730000e+02	2.460000e+02	2.480000e+02	5.900000e+01	1.360000e+02	3.470000e+02	3.740000e+02	9.560000e+02	1.100000e+02	1.116000e+03	1.475000e+03	1.430000e+02	4.480000e+02	2.226000e+03	7.700000e+01	1.097000e+03	3.150000e+02	2.345000e+03	3.450000e+02	2.027000e+03	9.690000e+02	2.056000e+03	1.091000e+03
1.600000e+01	2.400000e+01	7.000000e+00	1.700000e+01	2.000000e+01	2.600000e+01	2.100000e+01	1.500000e+01	2.600000e+01	2.100000e+01	1.700000e+01	3.300000e+01	9.100000e+01	8.300000e+01	7.200000e+01	6.220000e+02	1.077000e+03	7.600000e+01	1.190000e+02	5.000000e+01	5.200000e+01	1.710000e+02	1.130000e+02	3.700000e+02	3.800000e+01	2.200000e+02	1.090000e+02	1.610000e+02	2.630000e+02	8.000000e+01	5.200000e+01	2.980000e+02	3.630000e+02	5.150000e+02	6.260000e+02	4.330000e+02	2.350000e+02	1.220000e+02	8.900000e+02	3.180000e+02	7.570000e+02	6.750000e+02	1.200000e+02	4.800000e+01	5.810000e+02	5.460000e+02	4.100000e+01	1.100000e+02	6.040000e+02	1.640000e+02	6.100000e+01	2.490000e+02	1.200000e+03	4.300000e+01	3.280000e+02	4.630000e+02	1.412000e+03	1.640000e+02	4.250000e+02	2.420000e+02	2.550000e+02	2.073000e+03	8.840000e+02	5.040000e+02
1.000000e+01	2.000000e+01	1.700000e+01	1.900000e+01	1.600000e+01	1.500000e+01	1.600000e+01	4.400000e+01	2.300000e+01	1.000000e+01	3.300000e+01	2.800000e+01	3.000000e+01	1.900000e+01	2.900000e+01	4.400000e+01	9.200000e+01	1.080000e+02	4.150000e+02	9.700000e+01	3.900000e+01	1.860000e+02	7.700000e+01	2.150000e+02	8.200000e+01	2.940000e+02	5.000000e+01	4.460000e+02	1.000000e+02	4.200000e+01	1.060000e+02	2.130000e+02	6.040000e+02	2.190000e+02	2.520000e+02	3.420000e+02	2.980000e+02	1.380000e+02	6.000000e+01	3.310000e+02	2.690000e+02	9.510000e+02	4.130000e+02	2.540000e+02	8.100000e+01	8.760000e+02	4.810000e+02	2.900000e+01	1.040000e+02	2.750000e+02	2.370000e+03	9.500000e+01	4.900000e+02	7.250000e+02	1.044000e+03	8.900000e+02	5.160000e+02	7.050000e+02	2.440000e+02	3.537000e+03	1.124000e+03	1.810000e+02	1.120000e+02	4.510000e+02
2.100000e+01	1.200000e+01	1.700000e+01	1.700000e+01	1.700000e+01	2.000000e+01	2.500000e+01	2.600000e+01	2.000000e+01	4.200000e+01	4.100000e+01	2.200000e+01	1.700000e+01	3.300000e+01	4.100000e+01	2.700000e+01	1.700000e+01	2.100000e+01	2.900000e+01	3.400000e+01	3.100000e+01	4.400000e+01	3.700000e+01	4.900000e+01	6.920000e+02	7.780000e+02	5.100000e+01	9.100000e+01	4.620000e+02	7.500000e+01	5.140000e+02	8.200000e+01	2.350000e+02	4.210000e+02	2.070000e+02	3.370000e+02	1.020000e+02	8.600000e+01	8.500000e+01	1.760000e+02	6.400000e+01	2.670000e+02	5.700000e+02	2.800000e+01	1.370000e+02	3.010000e+02	4.000000e+01	1.120000e+02	1.770000e+02	1.910000e+02	9.200000e+02	3.700000e+01	2.660000e+02	2.440000e+02	1.148000e+03	4.670000e+02	6.460000e+02	3.123000e+03	6.300000e+01	3.070000e+02	1.145000e+03	4.040000e+02	5.300000e+01	1.410000e+02
2.500000e+01	1.500000e+01	1.500000e+01	2.100000e+01	2.500000e+01	2.100000e+01	1.800000e+01	4.200000e+01	3.700000e+01	3.100000e+01	3.100000e+01	2.500000e+01	4.000000e+01	2.200000e+01	3.800000e+01	3.300000e+01	1.400000e+01	2.600000e+01	1.900000e+01	1.800000e+01	2.500000e+01	4.700000e+01	3.300000e+01	2.100000e+01	2.800000e+01	2.400000e+01	2.900000e+01	3.000000e+01	2.900000e+01	1.600000e+01	6.100000e+01	4.700000e+01	3.030000e+02	1.334000e+03	1.210000e+02	2.400000e+02	6.330000e+02	1.680000e+02	1.660000e+02	1.540000e+02	1.930000e+02	9.800000e+01	3.560000e+02	1.600000e+02	2.650000e+02	2.700000e+01	7.800000e+01	2.540000e+02	1.390000e+02	2.590000e+02	1.970000e+02	8.200000e+01	5.680000e+02	1.050000e+02	1.500000e+01	1.040000e+02	4.890000e+02	8.190000e+02	4.600000e+01	1.970000e+02	3.850000e+02	2.580000e+02	1.000000e+02	4.100000e+01
5.000000e+00	1.700000e+01	1.700000e+01	1.700000e+01	2.400000e+01	2.200000e+01	1.000000e+01	2.100000e+01	1.600000e+01	4.100000e+01	2.300000e+01	2.800000e+01	4.800000e+01	6.900000e+01	2.600000e+01	3.400000e+01	2.800000e+01	2.500000e+01	3.600000e+01	2.300000e+01	3.000000e+01	3.000000e+01	3.600000e+01	1.900000e+01	3.100000e+01	2.400000e+01	1.300000e+01	2.100000e+01	2.700000e+01	3.000000e+01	2.200000e+01	2.600000e+01	3.700000e+01	2.800000e+01	2.630000e+02	2.810000e+02	4.400000e+01	3.210000e+02	1.740000e+02	2.500000e+01	2.000000e+02	5.880000e+02	4.000000e+01	1.340000e+02	3.840000e+02	5.100000e+01	9.900000e+01	6.600000e+01	1.430000e+02	5.100000e+01	1.550000e+02	2.940000e+02	2.740000e+02	8.000000e+01	2.660000e+02	1.492000e+03	1.676000e+03	1.280000e+02	6.400000e+01	1.890000e+02	1.451000e+03	3.600000e+01	7.020000e+02	2.770000e+02
1.700000e+01	1.500000e+01	1.700000e+01	1.800000e+01	6.000000e+00	1.300000e+01	1.300000e+01	1.500000e+01	1.500000e+01	2.800000e+01	3.400000e+01	4.600000e+01	4.800000e+01	1.420000e+02	1.900000e+01	2.600000e+01	4.000000e+01	3.800000e+01	4.300000e+01	6.300000e+01	3.900000e+01	1.450000e+02	3.400000e+01	1.900000e+01	5.900000e+01	1.300000e+01	3.100000e+01	3.000000e+01	1.800000e+01	4.300000e+01	2.400000e+01	3.900000e+01	4.000000e+01	2.200000e+01	8.800000e+01	1.400000e+02	6.400000e+01	1.600000e+01	4.130000e+02	3.500000e+01	2.230000e+02	6.750000e+02	5.400000e+01	1.660000e+02	1.810000e+02	8.700000e+01	1.250000e+02	8.100000e+01	2.055000e+03	1.590000e+02	4.000000e+01	7.910000e+02	3.060000e+02	2.250000e+02	7.600000e+01	1.290000e+02	6.300000e+01	1.960000e+02	1.620000e+02	1.320000e+02	1.900000e+02	6.000000e+01	1.246000e+03	3.580000e+02
1.900000e+01	1.800000e+01	1.600000e+01	1.000000e+01	2.400000e+01	1.100000e+01	2.700000e+01	6.600000e+01	2.000000e+01	2.800000e+01	2.200000e+01	2.200000e+01	1.800000e+01	2.000000e+01	4.100000e+01	6.800000e+01	7.400000e+01	3.000000e+01	3.300000e+01	1.500000e+01	3.100000e+01	2.300000e+01	5.000000e+01	5.400000e+01	1.180000e+02	4.500000e+01	2.800000e+01	2.900000e+01	3.500000e+01	4.300000e+01	7.400000e+01	3.100000e+01	3.100000e+01	2.000000e+01	2.900000e+01	4.000000e+02	5.470000e+02	1.280000e+02	6.900000e+01	1.190000e+02	2.770000e+02	1.480000e+02	1.490000e+02	9.980000e+02	3.620000e+02	3.600000e+01	1.060000e+02	3.800000e+01	1.700000e+02	1.270000e+02	4.800000e+01	3.760000e+02	3.040000e+02	2.570000e+02	3.660000e+02	5.980000e+02	9.300000e+01	1.430000e+02	6.200000e+02	9.620000e+02	1.758000e+03	1.940000e+02	6.570000e+02	2.840000e+02
1.100000e+01	1.600000e+01	1.500000e+01	2.100000e+01	1.700000e+01	6.400000e+01	2.800000e+01	2.800000e+01	4.000000e+01	5.700000e+01	4.900000e+01	2.200000e+01	3.200000e+01	1.700000e+01	2.800000e+01	5.400000e+01	3.200000e+01	2.500000e+01	3.700000e+01	4.400000e+01	5.500000e+01	4.700000e+01	2.610000e+02	7.100000e+01	2.700000e+01	7.100000e+01	6.300000e+01	2.700000e+01	2.500000e+01	2.400000e+01	1.080000e+02	3.100000e+01	5.200000e+01	2.100000e+01	1.600000e+01	2.400000e+01	8.800000e+01	5.150000e+02	2.210000e+02	3.800000e+02	1.860000e+02	5.800000e+01	5.900000e+01	2.040000e+02	1.166000e+03	1.890000e+02	3.660000e+02	7.100000e+01	4.700000e+01	8.610000e+02	4.090000e+02	2.970000e+02	4.290000e+02	1.040000e+02	5.400000e+01	2.500000e+02	1.433000e+03	1.713000e+03	1.004000e+03	5.090000e+02	6.140000e+02	1.300000e+02	1.750000e+02	2.680000e+02
1.800000e+01	1.800000e+01	2.100000e+01	2.200000e+01	1.300000e+01	1.700000e+01	3.900000e+01	2.000000e+01	8.800000e+01	7.800000e+01	3.700000e+01	1.030000e+02	1.458000e+03	1.720000e+02	1.050000e+02	3.700000e+01	1.300000e+01	3.600000e+01	3.500000e+01	2.800000e+01	3.400000e+01	3.100000e+01	7.500000e+01	2.260000e+02	9.000000e+01	2.200000e+01	3.600000e+01	4.700000e+01	3.800000e+01	3.500000e+01	9.300000e+01	4.500000e+01	3.000000e+01	2.200000e+01	2.700000e+01	4.800000e+01	7.740000e+02	3.910000e+02	5.900000e+01	8.200000e+01	8.800000e+02	1.560000e+02	5.800000e+01	2.820000e+02	3.190000e+02	4.070000e+02	4.760000e+02	2.290000e+02	3.050000e+02	3.490000e+02	4.070000e+02	1.247000e+03	5.480000e+02	4.140000e+02	7.000000e+01	9.930000e+02	2.880000e+02	2.320000e+02	8.200000e+01	3.060000e+02	1.380000e+02	4.070000e+02	1.350000e+02	5.290000e+02
7.000000e+00	1.000000e+01	8.000000e+00	1.000000e+01	2.900000e+01	3.300000e+01	6.700000e+01	5.200000e+01	9.800000e+01	9.700000e+01	2.700000e+01	3.200000e+01	4.260000e+02	1.460000e+02	9.980000e+02	6.230000e+02	9.100000e+01	1.900000e+01	3.200000e+01	2.000000e+01	4.500000e+01	2.400000e+01	5.300000e+01	9.200000e+01	2.500000e+01	1.900000e+01	5.200000e+01	6.200000e+01	2.500000e+01	4.400000e+01	3.100000e+01	4.100000e+01	3.200000e+01	4.200000e+01	2.600000e+01	2.500000e+01	6.700000e+01	2.310000e+02	1.970000e+02	5.900000e+01	4.300000e+02	1.160000e+02	1.940000e+02	1.060000e+02	8.800000e+01	3.040000e+02	4.640000e+02	9.120000e+02	6.210000e+02	7.900000e+01	4.720000e+02	3.040000e+02	4.400000e+01	1.460000e+02	6.500000e+01	3.400000e+01	2.650000e+02	4.160000e+02	1.203000e+03	4.760000e+02	1.781000e+03	6.200000e+01	3.870000e+02	4.200000e+01
1.000000e+01	2.500000e+01	1.300000e+01	2.800000e+01	2.700000e+01	2.000000e+01	1.900000e+01	3.090000e+02	2.800000e+01	2.570000e+02	2.120000e+02	3.030000e+02	9.900000e+01	5.030000e+02	1.600000e+02	2.140000e+02	1.690000e+02	3.330000e+02	1.530000e+02	6.400000e+01	2.200000e+01	3.100000e+01	4.900000e+01	3.200000e+01	5.100000e+01	3.000000e+01	5.600000e+01	2.800000e+01	4.700000e+01	5.000000e+01	3.200000e+01	5.700000e+01	1.040000e+02	3.600000e+01	2.300000e+01	2.500000e+01	5.880000e+02	2.210000e+02	3.690000e+02	1.100000e+02	2.640000e+02	2.450000e+02	2.360000e+02	8.160000e+02	1.830000e+02	2.700000e+02	2.250000e+02	2.790000e+02	1.340000e+02	1.192000e+03	6.700000e+01	4.000000e+01	2.990000e+02	4.580000e+02	8.300000e+01	1.530000e+02	3.130000e+02	8.400000e+01	1.800000e+02	7.100000e+02	2.178000e+03	3.110000e+02	3.890000e+02	4.080000e+02
2.200000e+01	1.000000e+01	1.900000e+01	2.200000e+01	1.800000e+01	1.700000e+01	2.200000e+01	9.500000e+01	8.900000e+01	4.200000e+01	1.230000e+02	6.200000e+01	1.790000e+02	1.310000e+02	3.340000e+02	4.200000e+01	4.070000e+02	4.120000e+02	4.600000e+01	2.270000e+02	4.320000e+02	4.000000e+01	1.700000e+01	2.500000e+01	2.000000e+01	3.100000e+01	3.600000e+01	2.800000e+01	3.300000e+01	2.900000e+01	1.800000e+01	8.300000e+01	5.300000e+01	3.400000e+01	4.200000e+01	1.900000e+01	2.400000e+01	6.260000e+02	8.000000e+01	1.080000e+02	1.160000e+02	2.150000e+02	7.040000e+02	1.880000e+02	3.770000e+02	7.960000e+02	4.990000e+02	1.280000e+02	7.870000e+02	1.350000e+02	8.840000e+02	1.014000e+03	2.390000e+02	1.019000e+03	1.490000e+02	5.100000e+01	2.510000e+02	1.460000e+02	6.770000e+02	5.940000e+02	3.600000e+01	6.430000e+02	1.867000e+03	4.810000e+02
1.500000e+01	2.400000e+01	1.400000e+01	2.300000e+01	1.800000e+01	5.100000e+01	3.000000e+01	2.900000e+01	6.200000e+01	6.700000e+01	1.660000e+02	2.570000e+02	2.800000e+01	3.230000e+02	4.230000e+02	1.070000e+02	1.690000e+02	2.790000e+02	1.320000e+02	6.600000e+01	4.400000e+01	5.220000e+02	2.170000e+02	2.500000e+01	2.600000e+01	3.300000e+01	2.300000e+01	2.800000e+01	3.400000e+01	3.800000e+01	4.000000e+01	5.200000e+01	1.200000e+02	3.400000e+01	2.700000e+01	2.800000e+01	3.340000e+02	6.200000e+02	1.111000e+03	6.900000e+01	4.700000e+02	1.510000e+02	2.900000e+02	2.110000e+02	2.290000e+02	4.130000e+02	1.730000e+02	6.170000e+02	2.500000e+01	1.042000e+03	4.900000e+01	9.390000e+02	1.193000e+03	1.370000e+02	1.824000e+03	2.340000e+02	5.900000e+01	8.280000e+02	8.410000e+02	2.320000e+02	4.080000e+02	1.140000e+02	2.026000e+03	1.790000e+02
2.100000e+01	1.500000e+01	1.200000e+01	2.300000e+01	1.500000e+01	6.200000e+01	6.000000e+01	9.400000e+01	1.610000e+02	6.800000e+01	4.100000e+01	1.300000e+02	1.580000e+02	3.200000e+01	3.420000e+02	1.020000e+02	1.740000e+02	1.030000e+02	3.530000e+02	9.100000e+01	2.060000e+02	2.720000e+02	1.040000e+02	2.910000e+02	1.410000e+02	6.300000e+01	2.300000e+01	2.700000e+01	3.300000e+01	4.500000e+01	3.500000e+01	9.200000e+01	6.200000e+01	3.000000e+01	2.900000e+01	2.700000e+01	1.140000e+02	6.200000e+01	3.520000e+02	1.440000e+02	1.050000e+02	1.180000e+02	3.760000e+02	3.620000e+02	2.900000e+01	4.800000e+01	1.770000e+02	4.170000e+02	1.340000e+02	3.970000e+02	6.600000e+01	1.533000e+03	2.120000e+02	2.850000e+02	1.190000e+02	3.620000e+02	5.800000e+01	1.240000e+02	2.740000e+02	1.070000e+02	1.892000e+03	2.670000e+02	9.680000e+02	5.310000e+02
1.400000e+01	1.400000e+01	1.300000e+01	2.100000e+01	2.900000e+01	4.700000e+01	2.600000e+01	3.300000e+01	1.410000e+02	1.640000e+02	3.600000e+01	9.200000e+01	5.300000e+01	6.300000e+01	1.161000e+03	1.500000e+02	1.393000e+03	3.080000e+02	4.600000e+02	6.900000e+01	1.130000e+02	5.200000e+01	7.100000e+01	4.010000e+02	1.650000e+02	2.210000e+02	6.300000e+01	1.900000e+01	5.300000e+01	5.100000e+01	2.200000e+02	5.400000e+01	9.600000e+01	4.600000e+01	1.700000e+01	2.900000e+01	4.100000e+01	1.080000e+02	1.880000e+02	4.670000e+02	7.330000e+02	5.060000e+02	8.100000e+01	2.000000e+02	7.060000e+02	1.030000e+02	4.610000e+02	2.780000e+02	2.840000e+02	3.500000e+01	2.600000e+02	1.000000e+02	1.070000e+02	1.250000e+02	1.720000e+02	1.359000e+03	7.800000e+01	1.526000e+03	2.030000e+02	3.492000e+03	4.380000e+02	5.660000e+02	2.215000e+03	5.600000e+01
1.800000e+01	1.500000e+01	2.600000e+01	2.400000e+01	3.100000e+01	1.900000e+01	4.000000e+01	2.900000e+01	4.400000e+01	9.000000e+01	4.400000e+01	2.330000e+02	9.700000e+01	6.100000e+01	1.920000e+02	6.200000e+01	2.670000e+02	2.510000e+02	2.240000e+02	1.690000e+02	1.870000e+02	1.560000e+02	1.120000e+02	4.150000e+02	1.460000e+02	2.540000e+02	7.650000e+02	9.540000e+02	2.700000e+01	3.000000e+01	3.500000e+01	4.600000e+01	4.400000e+01	6.600000e+01	3.500000e+01	2.700000e+01	5.200000e+01	6.700000e+01	2.930000e+02	1.920000e+02	4.200000e+01	1.140000e+02	2.040000e+02	8.000000e+01	1.120000e+02	1.660000e+02	6.030000e+02	1.220000e+02	1.880000e+02	3.080000e+02	1.330000e+02	1.230000e+02	1.670000e+02	4.230000e+02	5.840000e+02	1.070000e+02	6.080000e+02	2.090000e+02	1.160000e+02	8.000000e+01	3.000000e+02	3.010000e+02	7.840000e+02	1.110000e+02
1.300000e+01	1.700000e+01	1.500000e+01	1.300000e+01	2.400000e+01	2.100000e+01	3.500000e+01	3.100000e+01	7.500000e+01	4.400000e+01	2.530000e+02	5.500000e+01	4.400000e+01	2.590000e+02	1.060000e+02	1.449000e+03	1.860000e+02	2.080000e+02	5.180000e+02	9.400000e+01	8.760000e+02	6.900000e+01	2.450000e+02	5.100000e+01	6.270000e+02	3.470000e+02	1.780000e+02	9.530000e+02	3.000000e+01	2.000000e+01	4.000000e+01	2.800000e+01	3.100000e+01	3.400000e+01	2.100000e+01	3.800000e+01	2.900000e+01	6.490000e+02	1.930000e+02	2.840000e+02	2.190000e+02	6.500000e+01	1.910000e+02	2.090000e+02	1.230000e+02	5.420000e+02	2.920000e+02	2.660000e+02	3.800000e+01	1.980000e+02	1.840000e+02	5.000000e+01	1.620000e+02	4.590000e+02	2.470000e+02	1.770000e+02	2.483000e+03	8.360000e+02	1.860000e+02	1.470000e+02	3.920000e+02	5.220000e+02	1.866000e+03	6.512000e+03
1.500000e+01	1.700000e+01	1.300000e+01	2.200000e+01	1.300000e+01	3.400000e+01	1.700000e+01	5.600000e+01	7.700000e+01	5.700000e+01	7.500000e+01	3.630000e+02	7.800000e+01	3.490000e+02	7.600000e+01	1.910000e+02	3.850000e+02	6.000000e+01	2.800000e+01	1.090000e+02	5.400000e+01	9.000000e+01	2.860000e+02	2.570000e+02	1.330000e+02	8.200000e+01	5.800000e+01	2.270000e+02	6.800000e+01	2.300000e+01	3.200000e+01	1.500000e+01	4.000000e+01	5.300000e+01	3.000000e+01	2.900000e+01	2.600000e+01	2.780000e+02	6.100000e+01	1.520000e+02	1.110000e+02	9.410000e+02	6.520000e+02	6.200000e+01	9.720000e+02	7.700000e+01	7.400000e+01	1.570000e+02	2.800000e+01	1.264000e+03	5.000000e+01	4.200000e+01	9.900000e+01	3.010000e+02	6.860000e+02	9.050000e+02	1.185000e+03	3.440000e+02	8.800000e+01	9.330000e+02	6.300000e+01	1.120000e+02	7.900000e+01	4.330000e+02
1.600000e+01	2.400000e+01	1.600000e+01	1.400000e+01	2.000000e+01	1.600000e+01	4.000000e+01	2.100000e+01	4.900000e+01	4.600000e+01	3.140000e+02	1.780000e+02	3.220000e+02	1.460000e+02	3.500000e+01	2.480000e+02	2.079000e+03	1.010000e+02	8.810000e+02	2.070000e+02	4.400000e+01	1.270000e+02	2.310000e+02	4.590000e+02	4.850000e+02	4.450000e+02	8.930000e+02	5.780000e+02	1.000000e+02	2.500000e+01	2.900000e+01	2.600000e+01	4.300000e+01	5.000000e+01	3.000000e+01	4.700000e+01	1.760000e+02	3.570000e+02	2.340000e+02	2.900000e+01	2.220000e+02	1.462000e+03	1.060000e+02	5.320000e+02	8.550000e+02	2.500000e+01	1.140000e+02	1.830000e+02	4.460000e+02	2.140000e+02	1.400000e+02	2.650000e+02	7.200000e+01	2.910000e+02	5.390000e+02	6.000000e+02	7.750000e+02	2.580000e+02	4.900000e+01	2.680000e+02	5.560000e+02	2.670000e+02	9.240000e+02	1.160000e+02
2.400000e+01	1.700000e+01	1.100000e+01	2.300000e+01	3.900000e+01	2.500000e+01	5.600000e+01	3.800000e+01	1.900000e+01	3.900000e+01	4.300000e+01	4.300000e+01	4.500000e+01	1.019000e+03	3.400000e+01	4.600000e+01	1.360000e+02	1.220000e+02	6.400000e+01	3.000000e+02	1.470000e+02	5.400000e+01	1.970000e+02	4.690000e+02	4.670000e+02	4.000000e+02	3.100000e+01	3.270000e+02	2.150000e+02	1.300000e+01	3.100000e+01	3.500000e+01	2.200000e+01	2.100000e+01	2.800000e+01	3.200000e+01	6.300000e+01	1.550000e+02	1.450000e+02	9.500000e+01	1.850000e+02	5.950000e+02	1.480000e+02	1.870000e+02	1.800000e+02	2.300000e+01	2.800000e+02	1.260000e+02	4.800000e+01	1.170000e+02	2.690000e+02	8.260000e+02	1.510000e+02	8.250000e+02	1.010000e+03	2.870000e+02	1.880000e+02	4.270000e+02	4.960000e+02	8.800000e+01	6.030000e+02	4.860000e+02	9.100000e+01	7.300000e+01
2.200000e+01	1.600000e+01	2.200000e+01	9.000000e+00	3.100000e+01	1.500000e+01	3.900000e+01	7.400000e+01	1.010000e+02	9.600000e+01	3.050000e+02	1.810000e+02	4.600000e+01	3.600000e+01	1.150000e+02	3.040000e+02	9.500000e+01	3.050000e+02	2.300000e+01	3.740000e+02	7.300000e+01	8.070000e+02	3.670000e+02	7.300000e+01	1.032000e+03	1.092000e+03	3.930000e+02	8.720000e+02	7.400000e+01	3.000000e+01	2.900000e+01	3.800000e+01	3.600000e+01	7.500000e+01	1.800000e+01	2.800000e+01	1.900000e+02	1.650000e+02	5.500000e+01	5.310000e+02	8.400000e+01	2.130000e+02	3.600000e+02	2.880000e+02	1.510000e+02	2.940000e+02	4.290000e+02	5.060000e+02	8.890000e+02	3.880000e+02	3.120000e+02	2.640000e+02	6.160000e+02	6.160000e+02	1.670000e+02	1.050000e+03	4.330000e+02	4.270000e+02	7.400000e+01	2.312000e+03	6.330000e+02	1.113000e+03	4.500000e+02	1.928000e+03
2.500000e+01	1.900000e+01	1.800000e+01	1.300000e+01	1.700000e+01	3.600000e+01	6.400000e+01	2.100000e+01	3.500000e+01	1.360000e+02	7.300000e+01	2.100000e+02	7.200000e+01	2.110000e+02	2.220000e+02	1.720000e+02	8.100000e+01	2.160000e+02	1.300000e+02	1.207000e+03	3.960000e+02	3.310000e+02	4.570000e+02	7.500000e+01	2.450000e+02	7.200000e+01	2.400000e+02	8.100000e+01	2.130000e+02	4.400000e+01	2.300000e+01	2.600000e+01	4.000000e+01	2.800000e+01	1.900000e+01	7.100000e+01	4.190000e+02	2.230000e+02	1.560000e+02	9.600000e+01	4.270000e+02	6.100000e+01	1.338000e+03	5.540000e+02	1.525000e+03	1.696000e+03	8.660000e+02	1.360000e+02	8.700000e+02	2.230000e+02	4.800000e+01	9.360000e+02	6.870000e+02	1.660000e+02	5.230000e+02	4.700000e+01	1.500000e+02	5.180000e+02	1.025000e+03	1.788000e+03	3.160000e+02	2.070000e+02	5.400000e+01	4.910000e+02
1.400000e+01	2.500000e+01	1.900000e+01	2.000000e+01	3.000000e+01	1.700000e+01	7.100000e+01	5.600000e+01	5.300000e+01	4.100000e+01	5.300000e+01	5.800000e+01	3.600000e+01	2.810000e+02	6.050000e+02	1.820000e+02	4.060000e+02	8.880000e+02	1.400000e+02	2.700000e+01	1.040000e+02	3.930000e+02	2.050000e+02	2.570000e+02	1.940000e+02	4.280000e+02	2.780000e+02	5.100000e+01	1.800000e+02	3.100000e+01	2.300000e+01	3.000000e+01	1.260000e+02	5.900000e+01	3.500000e+01	9.700000e+01	1.870000e+02	1.150000e+02	3.770000e+02	4.680000e+02	3.730000e+02	2.020000e+02	1.288000e+03	4.900000e+01	1.840000e+02	1.320000e+02	7.260000e+02	1.690000e+02	8.750000e+02	3.120000e+02	3.080000e+02	3.940000e+02	9.650000e+02	9.000000e+01	1.190000e+02	2.270000e+02	7.200000e+01	8.790000e+02	3.780000e+02	3.550000e+02	8.190000e+02	2.740000e+02	2.234000e+03	1.381000e+03
1.800000e+01	1.200000e+01	1.400000e+01	1.700000e+01	2.000000e+01	3.300000e+01	2.200000e+01	4.700000e+01	1.390000e+02	2.200000e+01	4.400000e+01	1.190000e+02	1.110000e+02	1.650000e+02	1.050000e+02	4.220000e+02	5.800000e+01	1.340000e+02	9.020000e+02	7.400000e+01	6.200000e+01	6.200000e+01	1.120000e+02	6.500000e+01	5.970000e+02	1.657000e+03	4.300000e+02	5.170000e+02	3.200000e+01	3.900000e+01	4.000000e+01	4.000000e+01	3.500000e+01	6.600000e+01	3.000000e+01	5.100000e+01	6.500000e+01	7.700000e+01	3.340000e+02	1.317000e+03	9.200000e+01	9.900000e+01	2.810000e+02	1.130000e+02	1.080000e+02	9.010000e+02	7.400000e+01	3.900000e+01	7.190000e+02	3.240000e+02	1.220000e+02	7.290000e+02	4.740000e+02	9.150000e+02	4.100000e+01	4.070000e+02	2.980000e+02	5.700000e+01	6.010000e+02	5.550000e+02	6.170000e+02	3.460000e+02	9.440000e+02	1.310000e+02
1.900000e+01	1.400000e+01	1.500000e+01	1.300000e+01	2.400000e+01	3.700000e+01	1.700000e+01	2.000000e+01	2.600000e+01	1.400000e+01	4.200000e+01	4.610000e+02	2.140000e+02	1.056000e+03	1.800000e+02	2.000000e+01	1.180000e+02	7.630000e+02	1.160000e+02	4.250000e+02	5.200000e+01	2.640000e+02	1.400000e+02	5.000000e+02	4.000000e+01	3.230000e+02	1.020000e+02	2.180000e+02	4.120000e+02	3.500000e+01	3.100000e+01	5.000000e+01	3.700000e+01	5.500000e+01	1.380000e+02	8.600000e+01	1.810000e+02	7.360000e+02	9.700000e+01	3.250000e+02	2.710000e+02	8.940000e+02	1.050000e+02	2.440000e+02	2.470000e+02	2.980000e+02	5.460000e+02	4.860000e+02	7.600000e+02	3.900000e+01	1.510000e+02	2.320000e+02	2.600000e+01	5.160000e+02	1.120000e+02	9.000000e+01	7.600000e+01	7.070000e+02	2.530000e+02	3.330000e+02	2.570000e+03	7.700000e+01	4.900000e+01	1.230000e+02
1.700000e+01	1.100000e+01	1.700000e+01	1.700000e+01	3.000000e+01	1.800000e+01	1.400000e+01	3.400000e+01	1.020000e+02	2.900000e+01	7.500000e+01	1.560000e+02	1.190000e+02	1.330000e+02	1.262000e+03	3.240000e+02	5.200000e+01	1.250000e+02	1.600000e+02	1.440000e+02	7.400000e+01	4.100000e+02	2.760000e+02	1.010000e+02	6.610000e+02	5.800000e+02	3.010000e+02	5.290000e+02	7.680000e+02	3.500000e+01	2.800000e+01	4.100000e+01	4.700000e+01	2.500000e+01	3.500000e+01	4.000000e+01	1.810000e+02	1.544000e+03	3.389000e+03	1.164000e+03	4.600000e+02	1.470000e+02	3.130000e+02	2.450000e+02	1.850000e+02	2.920000e+02	1.780000e+02	2.840000e+02	6.800000e+01	3.160000e+02	3.700000e+01	3.160000e+02	3.680000e+02	1.225000e+03	8.550000e+02	5.890000e+02	1.760000e+02	1.062000e+03	2.413000e+03	2.820000e+02	2.110000e+02	5.470000e+02	2.186000e+03	1.170000e+02
1.500000e+01	2.300000e+01	2.100000e+01	1.800000e+01	1.300000e+01	3.500000e+01	3.600000e+01	4.900000e+01	7.600000e+01	1.600000e+02	5.500000e+01	5.500000e+01	2.110000e+02	2.760000e+02	1.280000e+02	3.070000e+02	1.590000e+02	4.200000e+01	4.000000e+02	3.100000e+01	3.030000e+02	9.100000e+01	2.750000e+02	5.280000e+02	3.230000e+02	3.200000e+01	9.400000e+01	7.300000e+01	9.600000e+01	2.500000e+01	2.100000e+01	9.200000e+01	3.300000e+01	2.600000e+01	2.400000e+01	3.900000e+01	6.160000e+02	2.350000e+02	3.090000e+02	7.340000e+02	1.470000e+02	8.600000e+01	3.870000e+02	2.870000e+02	6.400000e+01	1.160000e+02	6.590000e+02	2.330000e+02	3.260000e+02	1.630000e+02	9.100000e+01	1.200000e+02	7.640000e+02	1.260000e+02	5.400000e+02	1.239000e+03	1.190000e+03	1.560000e+02	2.531000e+03	1.120000e+02	2.253000e+03	6.070000e+02	1.569000e+03	9.700000e+01
1.300000e+01	1.400000e+01	1.400000e+01	2.600000e+01	1.500000e+01	1.800000e+01	5.300000e+01	3.500000e+01	3.300000e+01	4.800000e+01	7.200000e+01	3.400000e+01	3.770000e+02	2.800000e+01	1.300000e+02	3.900000e+01	3.900000e+01	1.900000e+01	5.270000e+02	5.800000e+01	1.030000e+02	1.890000e+02	6.600000e+02	7.100000e+01	3.460000e+02	1.640000e+02	2.190000e+02	5.960000e+02	2.200000e+01	4.200000e+01	5.600000e+01	4.600000e+01	3.300000e+01	5.900000e+01	3.700000e+01	2.400000e+01	2.950000e+02	2.700000e+02	8.800000e+01	4.420000e+02	5.190000e+02	3.980000e+02	8.700000e+01	2.520000e+02	3.840000e+02	4.600000e+01	6.230000e+02	5.160000e+02	4.410000e+02	4.740000e+02	1.900000e+01	6.220000e+02	1.310000e+02	2.930000e+02	1.930000e+02	8.340000e+02	1.320000e+02	5.600000e+02	4.110000e+02	5.940000e+02	3.810000e+02	6.330000e+02	8.500000e+02	4.540000e+02
2.700000e+01	2.400000e+01	1.600000e+01	1.900000e+01	2.400000e+01	3.000000e+01	3.200000e+01	4.000000e+01	2.200000e+01	2.900000e+01	4.200000e+01	3.780000e+02	1.170000e+02	4.210000e+02	9.800000e+01	8.300000e+02	2.000000e+02	4.700000e+02	6.300000e+01	3.320000e+02	3.870000e+02	6.430000e+02	1.380000e+02	1.500000e+01	4.200000e+01	3.450000e+02	5.800000e+01	4.500000e+01	1.070000e+02	3.800000e+01	2.500000e+01	2.000000e+01	2.700000e+01	3.900000e+01	4.400000e+01	3.800000e+01	6.080000e+02	2.980000e+02	5.580000e+02	5.400000e+01	2.680000e+02	6.780000e+02	8.790000e+02	8.850000e+02	1.490000e+02	1.840000e+02	1.100000e+02	2.680000e+02	3.490000e+02	1.200000e+02	9.300000e+01	5.100000e+01	2.550000e+02	7.400000e+01	6.740000e+02	1.830000e+02	3.360000e+02	4.610000e+02	2.440000e+02	1.370000e+02	5.627000e+03	3.780000e+02	6.400000e+02	1.140000e+02
2.200000e+01	1.100000e+01	2.000000e+01	1.700000e+01	2.200000e+01	2.000000e+01	2.600000e+01	2.400000e+01	3.700000e+01	1.790000e+02	5.800000e+01	6.900000e+01	1.010000e+02	1.710000e+02	8.600000e+01	1.125000e+03	3.780000e+02	9.000000e+01	1.880000e+02	5.400000e+01	3.210000e+02	4.490000e+02	7.580000e+02	5.510000e+02	1.610000e+02	1.800000e+02	3.350000e+02	4.500000e+01	3.710000e+02	3.100000e+01	3.100000e+01	3.200000e+01	4.700000e+01	3.200000e+01	3.600000e+01	2.300000e+01	2.040000e+02	1.980000e+02	7.900000e+01	9.600000e+01	5.970000e+02	2.730000e+02	6.100000e+01	1.350000e+02	2.020000e+02	1.370000e+02	1.027000e+03	5.380000e+02	7.800000e+01	1.440000e+02	1.302000e+03	1.310000e+02	4.450000e+02	9.330000e+02	8.900000e+01	7.160000e+02	2.249000e+03	8.540000e+02	2.450000e+02	3.100000e+01	1.414000e+03	1.033000e+03	3.300000e+01	6.400000e+01
2.300000e+01	1.800000e+01	2.200000e+01	2.200000e+01	1.600000e+01	2.500000e+01	2.000000e+01	2.400000e+01	4.900000e+01	2.500000e+01	5.700000e+01	5.100000e+01	8.300000e+01	5.800000e+01	6.200000e+01	1.260000e+02	3.950000e+02	2.250000e+02	1.870000e+02	7.000000e+01	9.400000e+01	1.417000e+03	1.038000e+03	3.780000e+02	9.800000e+02	7.300000e+01	2.210000e+02	1.194000e+03	8.300000e+01	1.100000e+01	3.400000e+01	3.700000e+01	2.300000e+01	3.000000e+01	1.600000e+01	5.000000e+01	5.800000e+01	6.500000e+01	1.030000e+02	2.400000e+01	1.560000e+02	1.470000e+02	1.190000e+02	1.095000e+03	1.072000e+03	4.040000e+02	5.190000e+02	6.230000e+02	1.670000e+02	4.330000e+02	1.690000e+02	1.860000e+02	2.300000e+02	1.600000e+02	4.150000e+02	1.480000e+02	6.800000e+01	1.180000e+02	1.239000e+03	4.130000e+02	2.200000e+01	4.650000e+02	7.900000e+01	8.000000e+01
1.400000e+01	1.800000e+01	2.800000e+01	1.800000e+01	1.900000e+01	1.300000e+01	1.600000e+01	3.200000e+01	2.700000e+01	2.100000e+01	3.400000e+01	6.800000e+01	8.900000e+01	2.710000e+02	1.470000e+02	1.780000e+02	3.040000e+02	2.150000e+02	2.460000e+02	2.500000e+02	1.500000e+02	1.140000e+02	3.880000e+02	2.503000e+03	2.170000e+02	4.000000e+01	4.110000e+02	8.540000e+02	2.880000e+02	6.200000e+01	2.200000e+01	3.700000e+01	3.000000e+01	2.200000e+01	2.200000e+01	5.300000e+01	7.900000e+01	6.900000e+01	3.030000e+02	4.520000e+02	9.700000e+01	1.440000e+02	3.900000e+02	1.930000e+02	2.240000e+02	7.300000e+01	8.400000e+01	1.260000e+02	9.300000e+01	7.800000e+01	1.860000e+02	4.160000e+02	3.600000e+01	3.740000e+02	4.710000e+02	7.100000e+01	9.930000e+02	3.030000e+02	1.780000e+02	4.590000e+02	1.810000e+02	3.860000e+02	5.800000e+01	7.100000e+01
1.300000e+01	1.600000e+01	2.500000e+01	2.700000e+01	2.500000e+01	1.500000e+01	1.900000e+01	2.900000e+01	4.100000e+01	3.000000e+01	4.700000e+01	4.300000e+01	2.930000e+02	1.050000e+02	1.030000e+02	1.405000e+03	1.300000e+02	7.150000e+02	7.410000e+02	1.620000e+02	4.090000e+02	4.700000e+01	6.400000e+01	5.860000e+02	1.910000e+02	1.570000e+02	1.465000e+03	2.690000e+02	4.900000e+01	6.000000e+01	4.600000e+01	4.900000e+01	9.200000e+01	2.400000e+01	2.800000e+01	6.000000e+01	1.510000e+02	1.500000e+02	1.450000e+02	8.000000e+01	4.700000e+01	3.800000e+01	4.160000e+02	2.540000e+02	4.190000e+02	1.032000e+03	7.080000e+02	6.700000e+01	4.700000e+01	7.140000e+02	1.520000e+02	3.280000e+02	2.960000e+02	9.400000e+02	4.150000e+02	5.200000e+02	2.320000e+02	9.970000e+02	1.430000e+02	5.300000e+01	2.370000e+02	1.670000e+02	9.900000e+01	2.200000e+01
1.500000e+01	1.600000e+01	1.400000e+01	1.700000e+01	2.400000e+01	1.400000e+01	1.900000e+01	4.200000e+01	2.400000e+01	3.100000e+01	1.700000e+01	2.600000e+01	3.010000e+02	2.380000e+02	1.950000e+02	5.500000e+01	4.940000e+02	3.130000e+02	3.900000e+01	1.950000e+02	2.110000e+02	8.910000e+02	5.500000e+01	3.400000e+01	4.200000e+01	6.590000e+02	3.900000e+01	1.578000e+03	1.010000e+02	2.800000e+01	2.200000e+01	9.000000e+01	3.270000e+02	3.300000e+01	2.500000e+01	5.100000e+01	8.000000e+01	3.510000e+02	1.240000e+02	1.130000e+03	1.210000e+02	1.980000e+02	2.030000e+02	1.420000e+02	3.820000e+02	1.680000e+02	3.000000e+03	1.670000e+02	2.330000e+02	1.680000e+02	2.010000e+02	1.680000e+02	2.330000e+02	3.310000e+02	3.930000e+02	7.090000e+02	1.840000e+02	2.410000e+02	6.060000e+02	1.630000e+02	3.470000e+02	3.150000e+02	7.800000e+01	1.700000e+01
1.800000e+01	1.400000e+01	1.500000e+01	2.300000e+01	2.200000e+01	1.900000e+01	1.400000e+01	2.100000e+01	2.800000e+01	2.900000e+01	3.700000e+01	5.000000e+01	1.470000e+02	1.730000e+02	1.883000e+03	4.340000e+02	1.970000e+02	4.270000e+02	2.300000e+02	6.000000e+01	1.150000e+02	2.410000e+02	1.550000e+02	2.330000e+02	1.280000e+02	1.064000e+03	5.280000e+02	1.050000e+02	3.200000e+01	2.100000e+01	8.800000e+01	3.600000e+01	4.500000e+01	3.400000e+01	2.800000e+01	1.800000e+01	3.760000e+02	2.030000e+02	1.020000e+02	5.720000e+02	8.000000e+01	4.290000e+02	1.015000e+03	1.620000e+02	9.300000e+01	2.460000e+02	7.300000e+01	3.140000e+02	1.010000e+02	4.180000e+02	2.720000e+02	9.400000e+02	4.000000e+01	3.900000e+01	7.240000e+02	1.630000e+02	1.160000e+02	1.580000e+02	7.300000e+01	1.025000e+03	7.200000e+01	2.200000e+01	1.600000e+01	2.100000e+01
1.500000e+01	1.500000e+01	2.400000e+01	1.600000e+01	2.100000e+01	1.700000e+01	2.000000e+01	2.500000e+01	1.800000e+01	2.400000e+01	6.900000e+01	8.700000e+01	1.170000e+02	5.000000e+01	1.300000e+02	2.490000e+02	2.880000e+02	3.180000e+02	1.076000e+03	5.500000e+01	5.060000e+02	1.810000e+02	7.800000e+01	1.600000e+02	3.950000e+02	1.150000e+02	1.630000e+02	4.500000e+01	4.600000e+01	2.000000e+01	4.000000e+01	8.700000e+01	4.300000e+01	7.500000e+01	2.700000e+01	1.580000e+02	1.810000e+02	5.300000e+01	1.204000e+03	3.400000e+01	1.960000e+02	4.900000e+01	2.100000e+02	1.830000e+02	1.400000e+02	1.100000e+02	8.500000e+01	1.970000e+02	4.710000e+02	6.600000e+01	1.780000e+02	7.900000e+01	5.500000e+01	3.470000e+02	1.397000e+03	9.100000e+01	7.500000e+01	5.800000e+01	2.500000e+02	2.200000e+01	1.700000e+01	1.300000e+01	1.100000e+01	2.600000e+01
1.400000e+01	1.900000e+01	1.800000e+01	1.300000e+01	1.900000e+01	1.900000e+01	2.100000e+01	3.100000e+01	1.700000e+01	1.900000e+01	2.100000e+01	2.900000e+02	6.400000e+01	1.270000e+02	2.340000e+02	3.960000e+02	5.400000e+01	3.300000e+02	2.090000e+02	1.970000e+02	3.590000e+02	6.640000e+02	9.200000e+01	5.790000e+02	8.200000e+01	6.530000e+02	4.080000e+02	9.700000e+01	1.358000e+03	2.100000e+01	3.800000e+01	3.100000e+01	2.700000e+01	2.400000e+01	5.500000e+01	1.910000e+02	1.480000e+02	2.340000e+02	1.810000e+02	5.900000e+01	1.200000e+02	1.110000e+02	7.600000e+01	7.800000e+01	8.800000e+01	1.260000e+02	3.330000e+02	1.510000e+02	1.236000e+03	1.850000e+02	7.490000e+02	2.200000e+02	1.230000e+02	1.750000e+02	1.570000e+02	3.020000e+02	5.000000e+01	7.600000e+01	2.300000e+02	4.800000e+01	3.100000e+01	2.800000e+01	1.300000e+01	1.500000e+01
1.900000e+01	2.200000e+01	1.600000e+01	1.800000e+01	2.400000e+01	1.800000e+01	1.400000e+01	2.700000e+01	1.400000e+01	2.200000e+01	6.000000e+01	2.400000e+01	8.400000e+01	5.200000e+01	4.800000e+01	5.270000e+02	4.870000e+02	4.400000e+01	4.590000e+02	8.100000e+01	5.200000e+01	2.580000e+02	1.500000e+02	1.860000e+03	6.300000e+01	2.480000e+02	8.900000e+01	1.060000e+02	8.700000e+01	2.900000e+01	2.500000e+01	4.300000e+01	2.900000e+01	2.600000e+01	3.600000e+01	3.730000e+02	1.070000e+02	3.600000e+01	1.660000e+02	7.300000e+01	2.650000e+02	3.900000e+01	1.390000e+02	1.100000e+02	8.900000e+01	1.470000e+02	7.860000e+02	5.200000e+01	9.700000e+01	6.500000e+02	2.570000e+02	5.410000e+02	2.170000e+02	1.160000e+02	1.160000e+02	1.443000e+03	7.400000e+01	3.120000e+02	3.700000e+01	2.300000e+01	8.000000e+00	1.600000e+01	2.100000e+01	2.200000e+01
2.100000e+01	1.600000e+01	2.100000e+01	1.700000e+01	1.400000e+01	1.700000e+01	1.300000e+01	1.700000e+01	2.300000e+01	2.100000e+01	3.600000e+01	4.700000e+01	2.600000e+01	2.070000e+02	2.060000e+02	5.270000e+02	3.800000e+01	1.460000e+02	7.600000e+01	7.820000e+02	9.100000e+01	2.030000e+02	1.140000e+02	6.440000e+02	3.080000e+02	4.160000e+02	4.060000e+02	5.690000e+02	1.670000e+02	3.000000e+01	8.100000e+01	1.690000e+02	2.800000e+01	6.000000e+01	3.200000e+01	4.810000e+02	3.320000e+02	2.660000e+02	1.370000e+02	1.400000e+02	4.050000e+02	3.590000e+02	2.300000e+02	5.060000e+02	3.970000e+02	3.460000e+02	1.110000e+02	2.050000e+02	1.050000e+02	1.376000e+03	5.000000e+01	4.110000e+02	1.629000e+03	7.500000e+01	6.600000e+01	9.600000e+01	7.400000e+01	3.300000e+01	2.700000e+01	1.700000e+01	1.800000e+01	1.600000e+01	2.000000e+01	2.400000e+01
2.100000e+01	1.800000e+01	1.900000e+01	2.000000e+01	1.500000e+01	1.800000e+01	1.600000e+01	1.600000e+01	1.500000e+01	2.000000e+01	2.700000e+01	5.200000e+01	7.600000e+01	1.480000e+02	2.490000e+02	8.700000e+01	1.620000e+02	4.200000e+01	8.200000e+01	3.560000e+02	1.430000e+02	6.310000e+02	2.290000e+02	8.000000e+02	5.400000e+01	5.330000e+02	1.280000e+02	5.690000e+02	2.690000e+02	3.300000e+01	2.200000e+01	2.200000e+01	4.100000e+01	3.200000e+01	2.300000e+01	9.500000e+01	3.570000e+02	2.340000e+02	2.120000e+02	1.030000e+02	2.020000e+02	7.900000e+01	1.050000e+02	1.830000e+02	4.700000e+01	9.900000e+01	2.800000e+01	3.680000e+02	5.730000e+02	1.380000e+02	7.560000e+02	4.250000e+02	6.800000e+01	2.190000e+02	1.400000e+02	3.100000e+01	1.300000e+02	3.400000e+01	1.700000e+01	2.500000e+01	2.300000e+01	1.200000e+01	1.800000e+01	2.200000e+01
2.000000e+01	1.600000e+01	2.100000e+01	1.000000e+01	1.700000e+01	1.300000e+01	1.100000e+01	1.700000e+01	1.400000e+01	1.300000e+01	7.700000e+01	3.900000e+01	3.200000e+01	1.200000e+01	3.100000e+01	1.290000e+02	4.600000e+01	2.250000e+02	1.790000e+02	1.860000e+02	4.620000e+02	5.630000e+02	8.100000e+01	4.070000e+02	1.680000e+02	3.100000e+02	6.770000e+02	3.650000e+02	2.570000e+02	5.200000e+01	4.200000e+01	3.100000e+01	2.400000e+01	8.000000e+01	2.200000e+01	8.000000e+01	1.030000e+02	3.260000e+02	3.270000e+02	3.590000e+02	3.600000e+01	5.090000e+02	3.340000e+02	1.090000e+02	2.990000e+02	1.480000e+02	6.680000e+02	1.457000e+03	4.400000e+01	9.900000e+01	1.770000e+02	7.200000e+01	8.900000e+01	2.660000e+02	1.800000e+02	1.400000e+01	3.900000e+01	1.100000e+01	2.200000e+01	1.600000e+01	1.300000e+01	1.900000e+01	1.600000e+01	2.600000e+01
2.000000e+01	1.500000e+01	1.600000e+01	1.900000e+01	1.600000e+01	1.900000e+01	1.100000e+01	1.000000e+01	2.600000e+01	2.500000e+01	1.800000e+01	3.200000e+01	2.600000e+01	7.400000e+01	1.700000e+02	8.700000e+01	6.100000e+01	6.460000e+02	8.600000e+01	6.460000e+02	1.890000e+02	1.910000e+02	2.060000e+02	2.710000e+02	2.720000e+02	6.600000e+01	2.220000e+02	7.390000e+02	3.200000e+01	2.400000e+01	3.900000e+01	7.000000e+01	7.100000e+01	4.000000e+01	5.300000e+01	6.600000e+01	9.800000e+01	7.300000e+01	1.490000e+02	3.590000e+02	3.290000e+02	7.110000e+02	7.100000e+01	4.400000e+01	9.100000e+01	3.400000e+01	2.090000e+02	6.600000e+01	9.050000e+02	2.720000e+02	5.900000e+01	8.300000e+01	6.600000e+01	1.140000e+02	6.400000e+01	7.700000e+01	2.200000e+01	9.000000e+00	2.600000e+01	1.000000e+01	1.800000e+01	2.700000e+01	1.800000e+01	2.300000e+01
1.000000e+01	1.900000e+01	2.300000e+01	9.000000e+00	1.700000e+01	2.400000e+01	2.000000e+01	1.900000e+01	2.200000e+01	1.900000e+01	2.400000e+01	2.600000e+01	5.800000e+01	2.300000e+01	2.600000e+01	2.500000e+01	3.900000e+01	1.160000e+02	2.410000e+02	4.350000e+02	5.600000e+01	9.090000e+02	2.220000e+02	2.600000e+02	6.750000e+02	8.300000e+01	1.410000e+02	9.600000e+01	1.720000e+02	1.900000e+01	6.700000e+01	5.000000e+01	2.600000e+01	3.900000e+01	3.300000e+01	2.860000e+02	1.200000e+02	7.060000e+02	5.800000e+01	4.820000e+02	3.410000e+02	1.530000e+02	9.600000e+01	9.500000e+01	2.470000e+02	1.320000e+02	3.843000e+03	3.600000e+01	2.340000e+02	4.460000e+02	3.060000e+02	2.030000e+02	3.300000e+01	5.000000e+01	1.400000e+01	2.600000e+01	1.600000e+01	1.800000e+01	1.700000e+01	1.700000e+01	1.300000e+01	1.900000e+01	1.000000e+01	1.600000e+01

