# Shape: 1 64 64
# comment: 
# metadata: {'created': '2026-08-07T11_12_39', 'description': '3D scan'}
# name: 2026-08-07T11_12_39
# parameters: {'Np_slice': 4096, 'Np_total': 4096, 'Np_x': 64, 'Np_y': 64, 'Np_z': 1, 'accum_time': 10, 'step_x': 1024, 'step_y': 1024, 'step_z': 1024, 'x1': 0, 'x2': 65535, 'y1': 0, 'y2': 65535, 'z1': 0, 'z2': 0}
# units: {'accum_time_ms': 'ms', 'cord': 'LSB'}
# === DATA START ===
2.100000e+01	2.000000e+01	2.500000e+01	2.300000e+01	2.500000e+01	1.400000e+01	1.700000e+01	2.900000e+01	2.100000e+01	2.200000e+01	2.300000e+01	1.900000e+01	2.700000e+01	2.600000e+01	1.700000e+01	2.500000e+01	3.000000e+01	1.070000e+02	4.000000e+01	1.160000e+02	1.246000e+03	3.378000e+03	2.891000e+03	9.800000e+02	2.003000e+03	1.520000e+02	5.440000e+02	5.210000e+02	2.238000e+03	3.630000e+02	9.180000e+02	1.053000e+03	8.980000e+02	1.605000e+03	3.130000e+02	8.630000e+02	4.260000e+02	4.250000e+02	6.710000e+02	1.320000e+02	1.345000e+03	2.879000e+03	1.750000e+02	1.399000e+03	1.170000e+02	1.417000e+03	5.930000e+02	2.170000e+02	8.290000e+02	1.330000e+03	3.020000e+02	6.440000e+02	1.800000e+02	1.700000e+01	2.700000e+01	1.800000e+01	1.400000e+01	2.000000e+01	1.400000e+01	1.500000e+01	1.900000e+01	2.900000e+01	2.600000e+01	2.000000e+01
1.600000e+01	2.600000e+01	2.400000e+01	2.000000e+01	1.600000e+01	3.100000e+01	2.700000e+01	1.900000e+01	2.600000e+01	1.800000e+01	2.200000e+01	1.900000e+01	2.200000e+01	1.800000e+01	2.320000e+02	6.400000e+01	4.550000e+02	7.600000e+01	2.100000e+02	1.244000e+03	6.280000e+02	1.270000e+02	1.190000e+03	7.680000e+02	6.380000e+02	2.350000e+02	4.493000e+03	9.120000e+02	6.300000e+01	9.690000e+02	1.056000e+03	1.850000e+02	4.610000e+02	6.100000e+02	5.860000e+02	1.130000e+03	1.122000e+03	2.790000e+02	2.180000e+02	5.160000e+02	6.037000e+03	1.243000e+03	3.530000e+02	2.890000e+02	1.395000e+03	3.080000e+03	3.320000e+02	9.430000e+02	7.250000e+02	1.032000e+03	7.520000e+02	3.750000e+02	3.990000e+02	4.300000e+01	1.500000e+01	2.000000e+01	1.300000e+01	1.400000e+01	2.600000e+01	2.800000e+01	1.600000e+01	2.100000e+01	2.600000e+01	1.400000e+01
1.500000e+01	3.100000e+01	1.700000e+01	2.800000e+01	2.500000e+01	1.500000e+01	2.200000e+01	1.200000e+01	1.800000e+01	2.800000e+01	2.000000e+01	2.600000e+01	2.300000e+01	3.800000e+01	8.100000e+01	5.300000e+01	1.210000e+02	1.810000e+02	1.620000e+02	4.280000e+02	2.098000e+03	2.793000e+03	1.666000e+03	1.557000e+03	1.231000e+03	5.580000e+02	2.883000e+03	2.420000e+03	1.453000e+03	2.663000e+03	1.655000e+03	4.890000e+02	2.240000e+03	3.850000e+03	9.736000e+03	2.476000e+03	2.173000e+03	9.730000e+02	7.000000e+02	4.450000e+02	6.300000e+03	3.446000e+03	9.250000e+02	6.700000e+02	3.420000e+02	7.090000e+02	4.940000e+02	2.330000e+02	1.430000e+02	2.059000e+03	1.832000e+03	2.932000e+03	1.469000e+03	9.550000e+02	9.900000e+01	2.600000e+01	2.200000e+01	1.600000e+01	1.900000e+01	2.400000e+01	2.100000e+01	1.300000e+01	2.200000e+01	2.500000e+01
1.000000e+01	1.900000e+01	2.000000e+01	2.900000e+01	2.000000e+01	1.800000e+01	2.000000e+01	2.300000e+01	2.200000e+01	1.400000e+01	3.200000e+01	4.900000e+01	3.900000e+01	1.520000e+02	1.210000e+02	4.800000e+01	5.000000e+01	7.780000e+02	1.280000e+02	1.971000e+03	2.210000e+02	6.240000e+02	6.840000e+02	9.680000e+02	1.328000e+03	9.480000e+02	5.400000e+02	4.888000e+03	1.249000e+03	3.120000e+02	1.066000e+03	6.130000e+02	3.890000e+02	5.290000e+02	5.252000e+03	1.892000e+03	2.397000e+03	5.852000e+03	7.912000e+03	1.270000e+02	2.339000e+03	2.320000e+03	2.700000e+02	3.830000e+03	3.610000e+02	4.730000e+02	7.300000e+02	7.660000e+02	2.100000e+03	1.542000e+03	2.240000e+02	1.810000e+03	2.080000e+02	8.100000e+02	9.370000e+02	3.000000e+01	2.600000e+01	2.700000e+01	2.100000e+01	1.500000e+01	1.400000e+01	1.700000e+01	3.000000e+01	2.300000e+01
1.800000e+01	1.600000e+01	2.100000e+01	2.000000e+01	2.100000e+01	1.100000e+01	2.000000e+01	1.500000e+01	2.500000e+01	2.600000e+01	1.800000e+01	4.000000e+01	2.200000e+01	3.700000e+01	2.400000e+01	6.000000e+01	2.700000e+01	7.100000e+01	3.950000e+02	8.730000e+02	1.513000e+03	2.860000e+02	8.404000e+03	1.630000e+02	2.300000e+02	1.228000e+03	9.350000e+02	1.593000e+03	4.820000e+02	5.130000e+02	5.117000e+03	1.495000e+03	6.254000e+03	7.418000e+03	3.542000e+03	1.090000e+02	2.460000e+02	2.360000e+02	6.170000e+02	3.520000e+02	7.610000e+03	1.226000e+03	2.434000e+03	2.729000e+03	6.154000e+03	9.101000e+03	1.308000e+03	6.690000e+02	3.986000e+03	6.806000e+03	6.048000e+03	1.190000e+02	6.460000e+02	1.961000e+03	1.925000e+03	1.050000e+02	3.400000e+01	1.900000e+01	2.900000e+01	1.900000e+01	2.000000e+01	2.200000e+01	2.300000e+01	1.800000e+01
2.200000e+01	2.800000e+01	2.300000e+01	2.400000e+01	1.800000e+01	2.300000e+01	2.200000e+01	1.200000e+01	2.900000e+01	3.700000e+01	9.400000e+01	4.200000e+01	5.900000e+01	4.100000e+01	2.500000e+01	5.000000e+01	1.260000e+02	4.090000e+02	2.027000e+03	3.555000e+03	1.261000e+03	9.560000e+02	2.358000e+03	1.610000e+03	2.680000e+02	1.083000e+03	3.399000e+03	3.180000e+02	2.517000e+03	3.894000e+03	5.420000e+02	1.290000e+02	1.900000e+02	9.460000e+02	3.300000e+02	1.723000e+03	2.342000e+03	6.030000e+02	3.930000e+02	3.565000e+03	4.419000e+03	3.878000e+03	5.400000e+02	8.699000e+03	2.720000e+02	1.715000e+03	1.557000e+03	3.911000e+03	9.610000e+02	1.060000e+03	4.270000e+02	7.530000e+02	1.690000e+02	2.580000e+02	1.780000e+02	7.972000e+03	1.428000e+03	1.750000e+02	2.000000e+01	2.200000e+01	2.100000e+01	2.000000e+01	2.800000e+01	2.500000e+01
1.900000e+01	2.200000e+01	1.500000e+01	9.000000e+00	1.300000e+01	2.800000e+01	1.800000e+01	2.500000e+01	2.000000e+01	2.600000e+01	7.700000e+01	7.000000e+01	5.900000e+01	6.600000e+01	9.800000e+01	3.600000e+01	1.490000e+02	1.145000e+03	7.610000e+02	3.357000e+03	2.106000e+03	9.160000e+02	6.600000e+01	1.936000e+03	1.342000e+03	2.420000e+02	6.820000e+02	2.010000e+03	1.011700e+04	1.017000e+03	2.610000e+03	9.150000e+02	6.856000e+03	5.039000e+03	1.194000e+03	2.696000e+03	7.350000e+02	5.202000e+03	3.658000e+03	1.080700e+04	2.800000e+02	1.045000e+04	4.890000e+02	1.318000e+03	3.927000e+03	1.244000e+03	4.593000e+03	7.000000e+02	5.057000e+03	3.877000e+03	2.384000e+03	2.009000e+03	1.774000e+03	1.550000e+02	7.105000e+03	3.796000e+03	1.570000e+02	2.012000e+03	3.600000e+01	2.400000e+01	2.200000e+01	2.900000e+01	1.600000e+01	1.600000e+01
2.100000e+01	2.300000e+01	2.200000e+01	3.300000e+01	3.000000e+01	1.300000e+01	2.500000e+01	2.000000e+01	2.400000e+01	2.400000e+01	4.200000e+01	3.100000e+01	9.100000e+01	7.100000e+01	2.610000e+02	3.800000e+01	8.300000e+01	2.789000e+03	8.300000e+02	1.183000e+03	1.360000e+02	1.037000e+03	5.080000e+02	3.672000e+03	1.450000e+02	1.876600e+04	4.706000e+03	1.479000e+03	7.950000e+02	1.027900e+04	2.966000e+03	6.640000e+02	9.800000e+01	7.090000e+02	1.334000e+03	6.060000e+02	6.140000e+02	3.510000e+02	1.697000e+03	2.820000e+02	3.905000e+03	5.050000e+02	5.378000e+03	3.670000e+02	1.970000e+02	7.640000e+03	1.425000e+03	4.120000e+02	1.503000e+03	1.220000e+03	1.315000e+03	1.911000e+03	4.870000e+03	4.186000e+03	6.220000e+02	1.016000e+03	1.550000e+02	4.600000e+01	7.240000e+02	6.500000e+01	1.500000e+01	2.900000e+01	1.700000e+01	1.900000e+01
1.700000e+01	1.900000e+01	2.300000e+01	2.300000e+01	1.500000e+01	1.800000e+01	2.700000e+01	2.000000e+01	1.900000e+01	2.000000e+01	1.600000e+01	2.800000e+01	2.100000e+01	2.600000e+01	6.000000e+01	2.900000e+01	2.500000e+01	4.700000e+01	5.700000e+01	7.600000e+01	7.300000e+01	6.400000e+01	3.700000e+01	3.500000e+01	4.400000e+01	6.500000e+01	4.400000e+01	1.100000e+02	1.521000e+03	9.480000e+02	1.506000e+03	1.452000e+03	1.126000e+03	6.320000e+02	5.160000e+02	2.698000e+03	3.597000e+03	7.305000e+03	3.950000e+02	1.976000e+03	1.668000e+03	1.237000e+03	9.840000e+02	1.302000e+03	2.348000e+03	1.744000e+03	5.240000e+02	7.022000e+03	3.581000e+03	1.097900e+04	8.410000e+02	2.163000e+03	1.230000e+02	1.897000e+03	1.690000e+03	2.550000e+02	2.302000e+03	3.700000e+02	2.010000e+02	2.520000e+02	2.400000e+01	2.100000e+01	2.500000e+01	2.400000e+01
2.000000e+01	1.800000e+01	2.100000e+01	2.100000e+01	2.600000e+01	2.800000e+01	1.500000e+01	1.500000e+01	2.500000e+01	3.100000e+01	2.300000e+01	2.000000e+01	2.400000e+01	5.000000e+01	6.400000e+01	6.900000e+01	1.280000e+02	3.300000e+01	4.800000e+01	1.400000e+02	2.900000e+01	9.100000e+01	8.300000e+01	5.500000e+01	1.660000e+02	5.800000e+01	1.050000e+02	2.400000e+01	8.600000e+01	1.400000e+02	6.600000e+01	6.900000e+01	1.570000e+02	2.340000e+02	5.600000e+01	2.170000e+02	5.790000e+02	1.534000e+03	4.046000e+03	6.980000e+02	5.067000e+03	3.960000e+02	2.450000e+02	3.550000e+02	6.820000e+02	2.689000e+03	4.528000e+03	9.830000e+02	8.250000e+02	4.880000e+02	3.589000e+03	5.380000e+02	3.720000e+02	1.056000e+03	2.425000e+03	2.051000e+03	2.282000e+03	3.670000e+02	9.510000e+02	3.000000e+02	8.500000e+01	3.300000e+01	2.400000e+01	2.000000e+01
2.100000e+01	1.700000e+01	2.000000e+01	1.800000e+01	1.700000e+01	1.100000e+01	1.300000e+01	2.600000e+01	2.300000e+01	1.900000e+01	2.100000e+01	3.700000e+01	4.300000e+01	3.400000e+01	6.000000e+01	1.130000e+02	4.200000e+01	9.500000e+01	5.400000e+01	1.320000e+02	3.800000e+01	4.000000e+01	9.100000e+01	1.480000e+02	1.000000e+02	5.100000e+01	1.370000e+02	8.900000e+01	1.310000e+02	6.000000e+01	5.300000e+01	3.300000e+01	1.110000e+02	4.200000e+01	1.040000e+02	7.600000e+01	5.300000e+01	5.300000e+01	7.700000e+01	1.356000e+03	2.547000e+03	4.129000e+03	4.920000e+02	2.450000e+02	1.704000e+03	2.826000e+03	3.081000e+03	2.230000e+02	1.670000e+03	1.696400e+04	1.020000e+02	6.420000e+03	1.880000e+03	5.390000e+02	1.021000e+03	8.808000e+03	3.603000e+03	3.508000e+03	1.406000e+03	4.330000e+02	1.130000e+02	2.800000e+01	1.800000e+01	1.400000e+01
1.700000e+01	2.400000e+01	2.400000e+01	2.900000e+01	2.200000e+01	1.900000e+01	1.600000e+01	2.200000e+01	1.600000e+01	1.700000e+01	2.700000e+01	2.700000e+01	2.800000e+01	5.200000e+01	5.300000e+01	9.300000e+01	3.300000e+01	5.900000e+01	4.500000e+01	4.900000e+01	1.240000e+02	1.510000e+02	2.720000e+02	4.030000e+02	3.900000e+01	4.500000e+01	4.500000e+01	6.100000e+01	4.200000e+01	1.810000e+02	1.130000e+02	1.390000e+02	2.800000e+01	4.200000e+01	2.270000e+02	2.090000e+02	1.150000e+02	1.770000e+02	9.600000e+01	7.200000e+01	1.070000e+02	9.800000e+01	1.770000e+02	5.620000e+02	1.323000e+03	2.101000e+03	4.745000e+03	4.113000e+03	2.156000e+03	8.110000e+02	7.220000e+02	1.393000e+03	2.580000e+02	5.100000e+02	7.990000e+02	8.500000e+01	4.200000e+02	3.840000e+02	1.118000e+03	1.860000e+02	1.650000e+02	8.500000e+01	4.000000e+01	2.100000e+01
2.500000e+01	2.100000e+01	2.500000e+01	2.400000e+01	1.500000e+01	1.900000e+01	1.700000e+01	1.900000e+01	1.500000e+01	3.100000e+01	2.300000e+01	2.400000e+01	3.100000e+01	2.000000e+01	1.120000e+02	4.000000e+01	1.470000e+02	1.410000e+02	1.670000e+02	5.500000e+01	4.500000e+01	7.400000e+01	9.100000e+01	7.900000e+01	1.180000e+02	8.900000e+01	1.040000e+02	9.600000e+01	3.530000e+02	1.840000e+02	6.200000e+01	2.700000e+01	2.900000e+01	2.600000e+01	1.610000e+02	3.000000e+01	1.340000e+02	1.610000e+02	2.230000e+02	2.860000e+02	5.300000e+01	8.000000e+01	1.300000e+02	6.600000e+01	1.000000e+02	6.300000e+01	3.140000e+02	1.540000e+03	5.288000e+03	5.740000e+02	5.172000e+03	2.551000e+03	2.880000e+02	7.529000e+03	1.819000e+03	2.329000e+03	1.410000e+02	9.337000e+03	1.210000e+02	3.270000e+02	2.950000e+02	7.300000e+01	2.560000e+02	2.500000e+01
2.100000e+01	2.400000e+01	2.400000e+01	2.100000e+01	1.800000e+01	2.700000e+01	2.400000e+01	2.400000e+01	2.700000e+01	6.600000e+01	2.100000e+01	3.400000e+01	1.440000e+02	2.800000e+01	3.500000e+01	2.070000e+02	8.900000e+01	1.890000e+02	8.000000e+01	9.200000e+01	2.800000e+01	6.000000e+01	1.650000e+02	8.400000e+01	1.300000e+02	1.120000e+02	1.070000e+02	6.300000e+01	1.520000e+02	4.700000e+01	1.320000e+02	4.900000e+01	3.400000e+01	3.800000e+01	1.290000e+02	6.300000e+01	7.600000e+01	5.500000e+01	1.480000e+02	5.000000e+01	7.700000e+01	8.800000e+01	3.600000e+01	3.200000e+01	1.840000e+02	4.000000e+01	1.650000e+02	9.800000e+01	1.766000e+03	1.002000e+03	9.490000e+02	2.610000e+02	1.654000e+03	1.520000e+02	2.959000e+03	6.016000e+03	9.084000e+03	3.730000e+02	6.130000e+02	1.446000e+03	8.630000e+02	6.770000e+02	5.400000e+01	1.000000e+02
1.900000e+01	2.100000e+01	1.400000e+01	2.400000e+01	2.600000e+01	2.100000e+01	2.000000e+01	2.800000e+01	3.300000e+01	2.200000e+01	2.000000e+01	2.900000e+01	1.160000e+02	4.300000e+01	3.000000e+01	5.900000e+01	4.100000e+01	3.700000e+01	3.600000e+01	1.950000e+02	2.780000e+02	3.130000e+02	2.930000e+02	5.900000e+01	2.690000e+02	8.100000e+01	8.400000e+01	9.100000e+01	1.210000e+02	2.500000e+02	1.940000e+02	1.700000e+01	2.400000e+01	3.400000e+01	1.440000e+02	3.170000e+02	1.200000e+02	4.500000e+01	5.300000e+01	1.010000e+02	5.500000e+01	2.900000e+01	2.500000e+01	4.300000e+01	6.600000e+01	1.580000e+02	1.900000e+02	2.270000e+02	1.060000e+02	6.400000e+01	1.590000e+02	6.810000e+02	8.910000e+02	2.210000e+02	5.460000e+02	4.470000e+03	5.900000e+02	2.650000e+02	2.501000e+03	3.730000e+02	5.230000e+02	7.600000e+01	6.100000e+01	1.230000e+02
1.900000e+01	2.300000e+01	1.600000e+01	1.900000e+01	1.700000e+01	1.000000e+01	1.600000e+01	2.500000e+01	3.500000e+01	2.200000e+01	3.000000e+01	9.800000e+01	4.200000e+01	3.900000e+01	4.500000e+01	1.700000e+01	1.310000e+02	1.450000e+02	7.100000e+01	7.900000e+01	6.200000e+01	6.500000e+01	3.600000e+01	5.300000e+01	1.160000e+02	5.500000e+01	4.200000e+02	3.750000e+02	3.940000e+02	3.600000e+01	3.800000e+01	7.000000e+01	5.700000e+01	5.800000e+01	2.290000e+02	8.700000e+01	8.800000e+01	8.700000e+01	6.700000e+01	6.600000e+01	5.900000e+01	1.500000e+02	8.700000e+01	3.040000e+02	3.500000e+01	8.000000e+01	4.500000e+01	3.300000e+01	1.690000e+02	1.090000e+02	5.300000e+01	5.800000e+01	6.300000e+01	3.800000e+01	6.408000e+03	6.710000e+02	2.035000e+03	1.069000e+03	5.094000e+03	3.044000e+03	1.509000e+03	7.200000e+02	3.870000e+02	1.015000e+03
2.500000e+01	2.300000e+01	2.400000e+01	1.400000e+01	1.500000e+01	1.800000e+01	2.900000e+01	2.900000e+01	2.100000e+01	4.600000e+01	2.200000e+01	2.500000e+01	3.700000e+01	1.900000e+01	7.400000e+01	5.000000e+01	1.000000e+02	1.810000e+02	1.880000e+02	7.300000e+01	8.800000e+01	1.110000e+02	2.520000e+02	2.190000e+02	4.300000e+01	6.200000e+01	4.300000e+01	2.030000e+02	8.100000e+01	2.340000e+02	1.140000e+02	5.700000e+01	1.630000e+02	2.900000e+01	5.200000e+01	2.200000e+01	3.000000e+01	1.000000e+02	1.000000e+02	5.200000e+01	4.800000e+01	1.280000e+02	5.500000e+01	2.450000e+02	5.900000e+01	7.500000e+01	7.800000e+01	6.200000e+01	6.900000e+01	4.900000e+01	2.800000e+01	6.500000e+01	3.500000e+01	6.800000e+01	5.000000e+01	2.029000e+03	3.300000e+02	5.970000e+02	1.152100e+04	1.623000e+03	1.460000e+03	8.390000e+02	2.580000e+02	1.037000e+03
1.400000e+01	2.300000e+01	2.400000e+01	1.400000e+01	2.400000e+01	1.700000e+01	2.000000e+01	2.100000e+01	1.800000e+01	3.000000e+01	1.600000e+01	2.500000e+01	4.000000e+01	2.800000e+01	4.500000e+01	3.700000e+01	3.400000e+01	3.200000e+01	7.000000e+01	9.500000e+01	6.900000e+01	6.000000e+01	2.800000e+01	6.500000e+01	4.700000e+01	7.900000e+01	7.100000e+01	5.500000e+01	1.220000e+02	4.700000e+01	1.460000e+02	8.100000e+01	1.040000e+02	3.200000e+01	4.100000e+01	9.900000e+01	7.760000e+02	1.720000e+02	1.480000e+02	7.100000e+01	2.440000e+02	1.360000e+02	2.760000e+02	3.820000e+02	2.060000e+02	6.600000e+01	3.400000e+01	5.100000e+01	1.100000e+02	4.000000e+01	4.900000e+01	3.110000e+02	2.110000e+02	9.700000e+01	5.800000e+01	2.400000e+01	4.800000e+01	2.533000e+03	1.360000e+02	4.450000e+02	8.440000e+02	1.357000e+03	3.335000e+03	5.710000e+02
2.200000e+01	2.400000e+01	1.400000e+01	2.100000e+01	2.100000e+01	2.500000e+01	1.800000e+01	1.000000e+01	2.600000e+01	2.900000e+01	4.800000e+01	3.000000e+01	5.000000e+01	1.570000e+02	1.830000e+02	4.400000e+01	5.540000e+02	2.510000e+02	5.400000e+01	1.180000e+02	2.230000e+02	9.600000e+01	6.600000e+01	6.300000e+01	1.380000e+02	5.360000e+02	6.300000e+01	6.270000e+02	6.900000e+01	5.300000e+01	5.400000e+01	4.400000e+01	1.140000e+02	5.100000e+01	3.700000e+01	2.420000e+02	1.090000e+02	3.100000e+01	3.800000e+01	1.220000e+02	2.400000e+01	8.000000e+01	7.200000e+01	9.100000e+01	1.280000e+02	2.050000e+02	5.700000e+01	1.520000e+02	4.700000e+01	3.000000e+01	9.900000e+01	9.700000e+01	3.300000e+01	2.000000e+02	1.060000e+02	3.200000e+01	2.800000e+01	4.800000e+01	5.200000e+01	6.554000e+03	3.440000e+02	7.130000e+03	2.566000e+03	1.120000e+02
1.100000e+01	1.600000e+01	2.300000e+01	2.300000e+01	2.800000e+01	4.500000e+01	1.120000e+02	8.000000e+01	1.040000e+02	2.800000e+01	7.600000e+01	1.450000e+02	1.103000e+03	4.070000e+02	9.710000e+02	1.008000e+03	3.450000e+02	1.012000e+03	4.390000e+03	3.707000e+03	2.311000e+03	3.094000e+03	1.994000e+03	5.164000e+03	1.884000e+03	9.692000e+03	1.405000e+03	3.240000e+02	6.386000e+03	1.150000e+02	1.819000e+03	4.490000e+03	1.300800e+04	2.944000e+03	1.447100e+04	4.008000e+03	3.001000e+03	1.560000e+02	4.000000e+01	6.600000e+01	3.300000e+01	1.300000e+02	7.900000e+01	1.080000e+02	6.500000e+01	4.000000e+01	1.460000e+02	1.230000e+02	3.000000e+01	1.320000e+02	3.120000e+02	8.900000e+01	1.460000e+02	9.100000e+01	7.300000e+01	1.800000e+02	3.100000e+01	4.700000e+01	2.700000e+01	4.800000e+01	6.000000e+01	7.790000e+02	3.110000e+02	2.520000e+02
1.800000e+01	2.900000e+01	1.500000e+01	1.900000e+01	1.700000e+01	2.400000e+01	1.700000e+01	2.700000e+01	1.060000e+02	6.170000e+02	1.380000e+02	2.590000e+02	2.680000e+02	5.160000e+02	3.320000e+02	1.210000e+03	8.530000e+02	5.020000e+02	2.160000e+02	1.633000e+03	3.172000e+03	1.133000e+03	1.042000e+03	6.165000e+03	2.186000e+03	9.380000e+02	1.614000e+03	2.176900e+04	5.204000e+03	5.170000e+02	9.620000e+02	5.103000e+03	6.035000e+03	1.918500e+04	2.006000e+03	1.629900e+04	6.190000e+02	6.580000e+03	2.895000e+03	4.493000e+03	8.074000e+03	1.185000e+03	8.900000e+01	6.200000e+01	8.700000e+01	9.400000e+01	1.100000e+02	2.800000e+01	3.080000e+02	3.000000e+01	2.770000e+02	5.900000e+01	9.600000e+01	1.730000e+02	1.400000e+02	1.640000e+02	3.900000e+01	5.000000e+02	1.740000e+02	6.700000e+01	3.500000e+01	4.260000e+02	3.870000e+02	9.300000e+01
1.700000e+01	2.200000e+01	2.200000e+01	2.300000e+01	2.300000e+01	4.000000e+01	5.700000e+01	2.690000e+02	2.690000e+02	2.000000e+01	1.660000e+02	1.180000e+02	3.400000e+02	7.820000e+02	2.191000e+03	3.109000e+03	1.113000e+03	4.509000e+03	2.326000e+03	1.532300e+04	3.980000e+02	1.272000e+03	7.170000e+02	7.630000e+02	7.854000e+03	9.650000e+02	6.490000e+02	7.350000e+02	5.850000e+02	1.166100e+04	3.760000e+03	7.500000e+01	3.634000e+03	9.980000e+02	1.588000e+03	2.202000e+03	1.887000e+03	2.206000e+03	7.964000e+03	6.432000e+03	1.056000e+03	4.990000e+02	7.637000e+03	9.014000e+03	4.100000e+01	1.640000e+02	1.420000e+02	6.700000e+01	9.800000e+01	6.300000e+01	4.300000e+01	1.030000e+02	2.800000e+01	4.110000e+02	3.700000e+01	3.900000e+01	3.100000e+01	5.900000e+01	1.700000e+02	1.450000e+02	1.970000e+02	4.600000e+01	7.000000e+02	1.562000e+03
1.700000e+01	2.600000e+01	2.800000e+01	2.000000e+01	2.700000e+01	2.800000e+01	1.490000e+02	6.700000e+01	4.700000e+01	4.800000e+01	7.000000e+01	5.020000e+02	7.330000e+02	8.910000e+02	6.230000e+02	1.287000e+03	5.290000e+02	7.360000e+02	7.560000e+02	4.820000e+02	4.060000e+02	1.151000e+03	3.146000e+03	3.771000e+03	1.242000e+03	1.254900e+04	2.412000e+03	1.963000e+03	1.447200e+04	4.741000e+03	9.419000e+03	3.660000e+02	1.320000e+03	1.451900e+04	1.835000e+03	2.259000e+03	1.894000e+03	5.920000e+02	2.127000e+03	2.441000e+03	4.613000e+03	1.388300e+04	1.161600e+04	4.907000e+03	3.576000e+03	4.800000e+02	6.600000e+01	5.100000e+01	5.300000e+02	4.800000e+01	8.100000e+01	1.030000e+02	3.900000e+01	3.400000e+01	6.400000e+01	3.600000e+01	5.900000e+01	2.080000e+02	1.010000e+02	3.100000e+01	4.200000e+01	3.000000e+01	1.030000e+02	4.530000e+02
2.800000e+01	2.500000e+01	1.500000e+01	1.600000e+01	2.800000e+01	5.600000e+01	5.800000e+01	6.000000e+01	1.280000e+02	9.800000e+01	3.420000e+02	5.000000e+01	2.860000e+02	4.056000e+03	3.620000e+02	1.422000e+03	5.210000e+02	1.802000e+03	1.820000e+02	4.549000e+03	4.270000e+02	4.330000e+03	2.150000e+03	1.192000e+03	3.977000e+03	3.261000e+03	7.755000e+03	9.414000e+03	1.291000e+03	2.792500e+04	2.870900e+04	4.570000e+03	1.144000e+03	3.910000e+02	6.262000e+03	9.420000e+02	4.531000e+03	2.476000e+03	1.430000e+02	2.198200e+04	5.799000e+03	5.722000e+03	2.421000e+03	1.458000e+03	1.973000e+03	5.133000e+03	6.460000e+02	1.830000e+03	3.100000e+01	1.600000e+02	6.900000e+01	1.400000e+02	2.700000e+01	2.400000e+01	3.500000e+01	4.000000e+01	8.200000e+01	1.300000e+02	4.390000e+02	9.100000e+01	2.120000e+02	1.830000e+02	2.600000e+01	6.700000e+01
1.300000e+01	2.400000e+01	3.000000e+01	2.100000e+01	3.400000e+01	3.000000e+01	5.600000e+01	3.600000e+01	5.000000e+01	2.250000e+02	1.360000e+02	4.990000e+02	8.950000e+02	1.202000e+03	1.680000e+02	5.197000e+03	1.039600e+04	1.022700e+04	2.062000e+03	1.145000e+03	1.811000e+03	3.386000e+03	1.452000e+03	3.351000e+03	4.154000e+03	2.678000e+03	2.722000e+03	1.742000e+03	5.015000e+03	5.824000e+03	1.821900e+04	9.811000e+03	1.629800e+04	1.617800e+04	1.476300e+04	3.785000e+03	2.167000e+03	1.056500e+04	5.447000e+03	3.713000e+03	5.647000e+03	3.871000e+03	5.815000e+03	1.392000e+03	1.147000e+03	6.586000e+03	6.470000e+03	1.881000e+04	2.723000e+03	2.281000e+03	2.200000e+01	7.200000e+01	3.100000e+01	4.500000e+01	4.800000e+01	6.100000e+01	6.400000e+01	9.900000e+01	1.040000e+02	5.300000e+01	4.400000e+01	1.210000e+02	2.800000e+01	6.500000e+01
2.400000e+01	2.000000e+01	1.700000e+01	1.800000e+01	1.900000e+01	3.400000e+01	4.500000e+01	7.000000e+01	3.160000e+02	7.120000e+02	1.377000e+03	2.260000e+02	8.250000e+02	1.186000e+03	3.504000e+03	1.988000e+03	1.838000e+03	2.948000e+03	2.123000e+03	4.485000e+03	7.954000e+03	1.861000e+03	4.867000e+03	1.015000e+03	6.197000e+03	6.660000e+02	3.460000e+03	1.516000e+03	2.861000e+03	1.290000e+02	4.690000e+02	1.001000e+03	3.975000e+03	1.400000e+04	7.247000e+03	1.164800e+04	1.271500e+04	6.940000e+02	1.032500e+04	8.512000e+03	1.622400e+04	3.346000e+03	5.619000e+03	2.638200e+04	4.908000e+03	2.426000e+03	6.086000e+03	1.900400e+04	1.196700e+04	3.899000e+03	7.350000e+02	3.200000e+01	3.400000e+01	2.900000e+01	3.600000e+01	4.700000e+01	4.300000e+01	2.900000e+01	7.600000e+01	7.300000e+01	1.630000e+02	2.630000e+02	1.080000e+02	2.400000e+01
2.600000e+01	1.900000e+01	1.700000e+01	1.700000e+01	1.900000e+01	5.600000e+01	2.700000e+01	6.800000e+01	2.100000e+02	1.340000e+02	3.770000e+02	9.740000e+02	4.274000e+03	4.076000e+03	4.410000e+02	3.451000e+03	4.201000e+03	5.384000e+03	2.900000e+02	1.120900e+04	6.710000e+02	1.261400e+04	1.791000e+03	1.419000e+03	1.980300e+04	1.738000e+03	1.220900e+04	2.605000e+04	1.089000e+03	6.880000e+02	1.314400e+04	1.150000e+03	8.430000e+02	2.508000e+03	5.325000e+03	5.030000e+02	6.039000e+03	6.243000e+03	1.199000e+04	2.473000e+03	9.746000e+03	4.246000e+03	7.805000e+03	9.272000e+03	7.530000e+02	7.450000e+03	1.302700e+04	7.497000e+03	6.085000e+03	1.067000e+03	5.336000e+03	8.290000e+02	4.000000e+01	6.900000e+01	1.260000e+02	7.800000e+01	1.400000e+02	2.560000e+02	2.220000e+02	5.400000e+01	3.460000e+02	7.000000e+01	3.360000e+02	2.990000e+02
2.800000e+01	2.900000e+01	2.200000e+01	2.000000e+01	1.040000e+02	2.500000e+01	6.600000e+01	2.570000e+02	7.600000e+01	2.050000e+02	2.850000e+02	1.052600e+04	9.520000e+02	7.160000e+02	8.600000e+02	1.191000e+03	1.618600e+04	4.309000e+03	1.421100e+04	1.049300e+04	8.559000e+03	7.664000e+03	3.262000e+03	6.884000e+03	6.389000e+03	6.307000e+03	8.079000e+03	1.015000e+03	4.460000e+02	1.183100e+04	3.273000e+03	6.379000e+03	1.728300e+04	5.521000e+03	2.439000e+03	8.900000e+02	5.910000e+02	1.622100e+04	2.117300e+04	3.719000e+03	3.057000e+03	2.729000e+03	2.125000e+03	1.117000e+03	8.084000e+03	5.525000e+03	4.741000e+03	6.897000e+03	2.340000e+03	7.909000e+03	2.287000e+03	5.870000e+02	1.790000e+02	3.800000e+01	8.400000e+01	4.900000e+01	8.900000e+01	8.100000e+01	2.900000e+01	1.370000e+02	2.600000e+01	1.040000e+02	8.500000e+01	3.800000e+01
3.300000e+01	1.300000e+01	1.600000e+01	2.600000e+01	3.400000e+01	4.800000e+01	4.100000e+01	1.840000e+02	3.250000e+02	2.470000e+02	4.050000e+02	4.290000e+02	7.190000e+02	5.816000e+03	1.780000e+03	4.080000e+02	7.470000e+03	1.267000e+03	1.213700e+04	2.009000e+03	1.094000e+04	1.178000e+03	1.237000e+04	9.280000e+03	1.476500e+04	1.209500e+04	9.923000e+03	1.308500e+04	1.598600e+04	1.939100e+04	2.229000e+03	5.010000e+02	7.179000e+03	1.625000e+03	9.308000e+03	1.828000e+03	4.105000e+03	6.102000e+03	1.427000e+03	6.436000e+03	1.344000e+03	5.620000e+02	7.870000e+02	1.956000e+03	4.390000e+02	5.070000e+02	4.376000e+03	3.790000e+02	2.650000e+02	9.240000e+02	4.880000e+02	8.740000e+02	1.790000e+02	9.690000e+02	1.140000e+02	5.200000e+01	7.800000e+01	4.400000e+01	2.900000e+01	3.700000e+01	7.200000e+01	3.200000e+01	2.510000e+02	2.120000e+02
1.400000e+01	3.000000e+01	2.000000e+01	2.200000e+01	2.300000e+01	4.000000e+01	4.300000e+01	2.430000e+02	1.430000e+02	1.110000e+02	1.224000e+03	7.040000e+02	2.487000e+03	2.170000e+03	4.300000e+02	3.602000e+03	8.750000e+02	9.580000e+02	1.411000e+03	2.430000e+03	5.460000e+02	1.636000e+03	1.216700e+04	1.043000e+03	3.591000e+03	1.779600e+04	3.211000e+03	1.681500e+04	3.740000e+02	1.520600e+04	1.138600e+04	1.462300e+04	7.336000e+03	2.555000e+03	6.720000e+02	5.413000e+03	2.390000e+03	3.045000e+03	1.426000e+03	1.676000e+03	4.160000e+02	8.080000e+02	9.260000e+03	7.151000e+03	4.068000e+03	6.310000e+02	3.819000e+03	7.500000e+02	4.370000e+03	5.310000e+02	3.567000e+03	3.054000e+03	3.253000e+03	9.470000e+02	8.450000e+02	3.100000e+01	1.360000e+02	6.400000e+01	3.090000e+02	7.900000e+01	6.300000e+01	4.000000e+01	8.800000e+01	2.580000e+02
2.800000e+01	2.900000e+01	1.300000e+01	2.000000e+01	5.500000e+01	4.700000e+01	1.500000e+01	2.840000e+02	6.200000e+01	3.060000e+02	2.050000e+02	1.455000e+03	3.900000e+02	2.010000e+02	7.366000e+03	4.430000e+02	3.318000e+03	1.587000e+03	6.619000e+03	1.320000e+02	1.401000e+03	7.330000e+02	6.643000e+03	7.547000e+03	1.957000e+04	3.837000e+03	1.695800e+04	8.126000e+03	3.861000e+03	3.213000e+03	1.047200e+04	2.090200e+04	1.654000e+03	2.218000e+04	7.260000e+03	4.919000e+03	1.680000e+03	1.891900e+04	1.061200e+04	2.010200e+04	2.080000e+03	9.790000e+02	1.142500e+04	5.352000e+03	1.466000e+03	3.281000e+03	3.125000e+03	1.129700e+04	1.241900e+04	6.630000e+03	1.717000e+03	8.356000e+03	9.850000e+02	5.430000e+02	6.750000e+02	1.470000e+02	6.400000e+01	3.400000e+01	5.300000e+01	3.100000e+02	1.160000e+02	1.900000e+01	1.460000e+02	8.800000e+01
3.400000e+01	2.100000e+01	1.700000e+01	2.900000e+01	4.700000e+01	3.900000e+01	4.100000e+01	8.600000e+01	3.500000e+01	2.810000e+02	2.141000e+03	1.360000e+02	8.923000e+03	1.026900e+04	2.673000e+03	6.060000e+03	3.363000e+03	2.422000e+03	1.041000e+03	1.238100e+04	3.630000e+03	1.430500e+04	1.294300e+04	1.207000e+03	6.570000e+02	9.340000e+02	4.943000e+03	4.340000e+02	2.670000e+03	2.551000e+03	1.257000e+03	1.425000e+03	7.909000e+03	1.120400e+04	6.900000e+02	5.820000e+03	4.010000e+02	3.024000e+03	6.560000e+02	2.560000e+02	2.172000e+03	4.869000e+03	1.193000e+03	2.151000e+03	5.320000e+02	1.297000e+03	6.110000e+02	4.590000e+02	8.140000e+02	4.777000e+03	3.662000e+03	7.070000e+02	7.435000e+03	5.619000e+03	3.774000e+03	3.420000e+02	4.500000e+01	5.700000e+01	7.400000e+01	5.300000e+01	1.120000e+02	4.300000e+01	3.300000e+01	2.900000e+01
2.700000e+01	1.800000e+01	2.500000e+01	1.100000e+01	3.600000e+01	3.900000e+01	1.660000e+02	3.800000e+02	8.900000e+01	5.000000e+01	1.572000e+03	4.480000e+02	7.580000e+02	1.395200e+04	3.900000e+03	4.640000e+02	1.412000e+03	9.595000e+03	3.667000e+03	1.319000e+03	5.338000e+03	7.165000e+03	5.305000e+03	4.391000e+03	1.290000e+02	9.083000e+03	4.980000e+03	2.013000e+03	5.888000e+03	7.802000e+03	5.375000e+03	6.930000e+02	1.650600e+04	2.421400e+04	3.388000e+03	1.848000e+03	4.459000e+03	1.124000e+03	1.085000e+03	2.003300e+04	4.720000e+02	3.020000e+03	1.266100e+04	1.996200e+04	1.638000e+03	1.816000e+03	4.520000e+02	2.870000e+03	5.085000e+03	1.338000e+03	7.426000e+03	1.172000e+03	1.788000e+03	3.039000e+03	1.220000e+02	1.397000e+03	2.850000e+02	1.740000e+02	5.600000e+01	1.110000e+02	1.140000e+02	7.100000e+01	4.200000e+01	9.700000e+01
2.700000e+01	2.600000e+01	2.600000e+01	2.100000e+01	4.000000e+01	1.310000e+02	4.170000e+02	1.180000e+02	7.200000e+01	7.560000e+02	2.802000e+03	1.432000e+03	2.083000e+03	1.508000e+03	9.497000e+03	4.335000e+03	5.539000e+03	3.331000e+03	5.879000e+03	3.081000e+03	1.788000e+03	1.716000e+03	2.242000e+03	9.380000e+02	2.197000e+03	1.962000e+03	2.720000e+03	7.003000e+03	2.300500e+04	8.355000e+03	1.343100e+04	1.171000e+03	3.119000e+03	1.366300e+04	1.960900e+04	1.844000e+03	1.264800e+04	1.780300e+04	1.373300e+04	9.230000e+02	1.703400e+04	1.943000e+03	6.344000e+03	3.742000e+03	1.602200e+04	1.038400e+04	1.726000e+03	1.825000e+03	9.368000e+03	1.428000e+03	3.076000e+03	1.316000e+03	1.088200e+04	5.310000e+03	9.945000e+03	1.067000e+03	3.160000e+02	3.500000e+01	1.470000e+02	2.180000e+02	3.700000e+01	3.000000e+01	3.050000e+02	5.700000e+01
1.800000e+01	2.500000e+01	2.500000e+01	1.800000e+01	2.100000e+01	1.400000e+02	8.200000e+01	1.450000e+02	2.850000e+02	1.296000e+03	8.790000e+02	2.220000e+02	2.420000e+02	5.368000e+03	1.094000e+03	2.397000e+03	7.740000e+02	1.925000e+03	4.117000e+03	1.506000e+03	1.115700e+04	2.878000e+03	1.046400e+04	2.506800e+04	2.495000e+03	1.227000e+03	8.692000e+03	7.420000e+02	5.390000e+02	5.474000e+03	1.427000e+03	4.535000e+03	2.488000e+03	1.086000e+03	8.880000e+02	6.319000e+03	7.934000e+03	5.371000e+03	9.543000e+03	2.294000e+03	6.340000e+02	9.276000e+03	1.349200e+04	1.699000e+03	1.247600e+04	2.910000e+03	6.037000e+03	6.300000e+03	4.246000e+03	4.581000e+03	2.317000e+03	6.703000e+03	3.934000e+03	3.475000e+03	5.533000e+03	4.890000e+03	2.233000e+03	4.800000e+01	7.000000e+01	7.600000e+01	4.400000e+01	5.200000e+01	8.200000e+01	5.500000e+01
2.500000e+01	2.300000e+01	1.700000e+01	3.000000e+01	8.000000e+01	3.100000e+01	5.400000e+01	8.700000e+01	2.160000e+02	1.530000e+02	1.111000e+03	5.650000e+02	4.300000e+02	9.063000e+03	7.619000e+03	6.985000e+03	7.469000e+03	9.770000e+02	6.592000e+03	6.580000e+02	4.052000e+03	1.448000e+04	4.218000e+03	1.161000e+03	5.457000e+03	2.426000e+03	1.542000e+03	5.524000e+03	7.675000e+03	5.963000e+03	1.108000e+03	4.742000e+03	7.870000e+02	5.037000e+03	6.145000e+03	1.345900e+04	4.209000e+03	1.557100e+04	5.824000e+03	4.230000e+03	4.280000e+03	5.474000e+03	3.586000e+03	1.597000e+03	1.105000e+03	5.110000e+02	5.797000e+03	1.906000e+04	3.560000e+03	8.920000e+02	5.137000e+03	2.490000e+03	1.546400e+04	2.390000e+02	1.161100e+04	2.030000e+02	1.169000e+03	2.900000e+01	4.900000e+01	1.120000e+02	4.200000e+01	7.000000e+01	1.510000e+02	7.100000e+01
2.400000e+01	3.200000e+01	2.700000e+01	2.700000e+01	3.600000e+01	2.700000e+01	2.200000e+01	2.050000e+02	8.400000e+01	6.500000e+01	7.020000e+02	2.037000e+03	6.740000e+02	3.873000e+03	5.369000e+03	7.940000e+02	2.880000e+02	2.293000e+03	4.928000e+03	1.585000e+03	5.140000e+02	1.242000e+03	1.103000e+03	8.480000e+02	1.592600e+04	1.505000e+03	1.444800e+04	5.397000e+03	4.233000e+03	3.758000e+03	2.225000e+03	5.673000e+03	9.040000e+02	6.352000e+03	7.766000e+03	2.228000e+03	2.980000e+02	1.371000e+03	3.945000e+03	2.139000e+03	2.790000e+03	1.248000e+03	3.552000e+03	1.247000e+03	2.763000e+03	7.360000e+02	1.452000e+03	1.754000e+03	5.450000e+03	1.532200e+04	1.041500e+04	1.061000e+03	5.770000e+03	4.634000e+03	3.856000e+03	6.458000e+03	2.543000e+03	5.600000e+01	6.100000e+01	2.600000e+01	3.500000e+01	3.100000e+01	3.900000e+01	2.110000e+02
2.500000e+01	2.500000e+01	1.900000e+01	3.500000e+01	2.700000e+01	9.000000e+01	3.900000e+01	6.900000e+01	9.600000e+01	5.920000e+02	4.900000e+01	5.750000e+02	1.020000e+03	8.870000e+02	1.741000e+03	1.211700e+04	7.260000e+02	1.950000e+03	4.630000e+03	1.266000e+03	4.501000e+03	2.960000e+02	6.099000e+03	6.324000e+03	2.493000e+03	8.280000e+02	2.284000e+03	8.448000e+03	5.885000e+03	3.021000e+03	1.254200e+04	1.090200e+04	1.391300e+04	1.272000e+04	1.265000e+03	2.810000e+03	4.777000e+03	6.240000e+02	1.844000e+03	4.988000e+03	2.499000e+03	4.835000e+03	2.590000e+03	4.677000e+03	1.768100e+04	8.790000e+02	8.092000e+03	4.928000e+03	9.755000e+03	2.251000e+03	2.546000e+03	1.322000e+03	1.141700e+04	1.340100e+04	9.640000e+02	2.837000e+03	4.850000e+02	4.300000e+01	1.240000e+02	1.600000e+02	4.500000e+01	7.800000e+01	7.400000e+01	5.500000e+01
2.000000e+01	2.200000e+01	1.900000e+01	3.500000e+01	2.500000e+01	8.300000e+01	2.100000e+01	1.010000e+02	1.101000e+03	3.940000e+02	1.373000e+03	7.990000e+02	5.393000e+03	3.337000e+03	5.160000e+02	1.377200e+04	5.580000e+03	5.180000e+02	1.328000e+03	4.030000e+02	2.109000e+03	9.176000e+03	5.420000e+03	5.203000e+03	2.358000e+03	1.839000e+03	8.813000e+03	2.460000e+02	1.357300e+04	6.480000e+02	3.706000e+03	2.936000e+03	8.824000e+03	5.060000e+02	4.270000e+02	1.987700e+04	9.530000e+02	1.235100e+04	3.984000e+03	4.214000e+03	2.163000e+03	4.398000e+03	1.207000e+03	1.992000e+03	1.299000e+03	1.916700e+04	1.440000e+03	2.721000e+03	4.015000e+03	1.414000e+03	2.308000e+03	5.530000e+03	4.837000e+03	3.010000e+02	2.090000e+02	6.570000e+02	3.332000e+03	7.800000e+01	5.500000e+01	4.300000e+01	5.200000e+01	3.900000e+01	3.800000e+01	5.900000e+01
2.500000e+01	2.200000e+01	1.600000e+01	2.300000e+01	4.100000e+01	3.000000e+01	3.700000e+01	3.300000e+01	1.120000e+02	9.860000e+02	6.400000e+01	1.650000e+02	1.565000e+03	1.770000e+03	6.730000e+02	4.160000e+02	8.780000e+02	1.222000e+03	1.220000e+02	7.273000e+03	2.865000e+03	2.485000e+03	1.081700e+04	2.980000e+02	1.050000e+02	4.080000e+02	4.667000e+03	4.913000e+03	1.184800e+04	7.908000e+03	1.350000e+02	3.900000e+02	1.041900e+04	5.446000e+03	2.060400e+04	9.653000e+03	2.733000e+03	1.363000e+03	4.264000e+03	2.480000e+02	7.180000e+02	4.410000e+02	3.885000e+03	1.367000e+04	1.901000e+03	4.215000e+03	7.858000e+03	2.649000e+03	1.622000e+03	4.644000e+03	1.120000e+02	3.241000e+03	4.140000e+02	4.641000e+03	8.017000e+03	5.970000e+03	4.762000e+03	5.400000e+01	6.200000e+01	1.240000e+02	4.000000e+01	8.300000e+01	3.600000e+01	1.180000e+02
2.400000e+01	2.800000e+01	2.600000e+01	3.000000e+01	3.000000e+01	1.800000e+01	9.600000e+01	1.830000e+02	1.020000e+02	1.320000e+02	2.009000e+03	1.109000e+03	9.610000e+02	6.177000e+03	8.326000e+03	7.500000e+01	1.563600e+04	8.491000e+03	7.823000e+03	7.985000e+03	1.145000e+03	7.459000e+03	6.035000e+03	2.863000e+03	9.370000e+02	1.321000e+03	2.533000e+03	1.246500e+04	1.245000e+03	3.530000e+03	1.501000e+04	6.433000e+03	4.300000e+02	1.880100e+04	1.257000e+03	3.262000e+03	5.866000e+03	1.491000e+03	2.960000e+02	4.797000e+03	1.939000e+03	6.140000e+02	5.764000e+03	4.060000e+02	1.016000e+03	1.186100e+04	2.620000e+03	9.460000e+02	1.753000e+03	5.300000e+02	2.572000e+03	2.407000e+03	6.640000e+02	8.598000e+03	2.348000e+03	5.961000e+03	8.860000e+02	4.400000e+01	6.200000e+01	5.800000e+01	3.400000e+01	7.800000e+01	7.300000e+01	9.100000e+01
2.200000e+01	2.100000e+01	3.300000e+01	2.200000e+01	2.600000e+01	2.450000e+02	1.390000e+02	6.400000e+01	1.390000e+02	1.200000e+02	8.750000e+02	2.676000e+03	1.419000e+03	1.310000e+02	2.658000e+03	4.799000e+03	2.880000e+03	7.914000e+03	4.389000e+03	8.539000e+03	4.283000e+03	1.459000e+03	5.991000e+03	5.091000e+03	3.601000e+03	4.464000e+03	5.009000e+03	1.136400e+04	1.032700e+04	5.970000e+02	1.766000e+03	1.027700e+04	3.582000e+03	3.439000e+03	5.077000e+03	3.535000e+03	3.243000e+03	9.420000e+02	4.041000e+03	6.037000e+03	3.619000e+03	1.889000e+03	1.595000e+03	1.044400e+04	3.415000e+03	1.859000e+03	8.390000e+02	2.117000e+03	2.401000e+03	4.201000e+03	3.752000e+03	2.763000e+03	6.380000e+02	3.198000e+03	2.116000e+03	2.447000e+03	9.700000e+01	7.000000e+01	9.400000e+01	2.700000e+01	3.500000e+01	6.300000e+01	1.700000e+01	3.600000e+01
2.600000e+01	3.100000e+01	2.200000e+01	2.900000e+01	3.700000e+01	7.000000e+01	4.800000e+01	3.200000e+01	7.900000e+01	6.400000e+01	2.810000e+02	1.280000e+02	1.267000e+03	5.195000e+03	2.911000e+03	2.383000e+03	7.610000e+02	8.850000e+02	2.439000e+03	4.235000e+03	2.048000e+03	1.871200e+04	2.021000e+03	1.528000e+03	3.375000e+03	4.110000e+03	7.433000e+03	1.278000e+03	2.303000e+03	2.097000e+03	2.116000e+03	5.272000e+03	7.018000e+03	1.369000e+03	1.054000e+03	6.965000e+03	2.970000e+02	1.883100e+04	2.009000e+03	3.201000e+03	8.790000e+02	6.216000e+03	1.266000e+03	2.358000e+03	4.883000e+03	7.064000e+03	9.970000e+02	8.900000e+02	5.820000e+02	3.020000e+02	3.113000e+03	2.255000e+03	1.108700e+04	3.597000e+03	5.509000e+03	6.143000e+03	8.400000e+01	1.230000e+02	1.720000e+02	4.600000e+01	2.600000e+01	9.900000e+01	5.500000e+01	8.900000e+01
2.800000e+01	2.200000e+01	1.800000e+01	1.700000e+01	2.600000e+01	4.400000e+01	6.900000e+01	4.800000e+01	3.300000e+01	5.500000e+01	3.080000e+02	1.810000e+02	1.145000e+03	3.088000e+03	8.810000e+02	2.207000e+03	4.280000e+02	1.473000e+03	5.018000e+03	1.650000e+02	2.202000e+03	1.002000e+03	1.476000e+03	3.880000e+03	1.088000e+03	8.060000e+02	5.876000e+03	1.450000e+02	6.190000e+02	2.792000e+03	5.880000e+02	4.696000e+03	2.142000e+03	3.567000e+03	4.585000e+03	2.317000e+03	3.030000e+02	7.268000e+03	1.146000e+03	1.333300e+04	1.074400e+04	2.339000e+03	5.163000e+03	3.420000e+02	4.731000e+03	6.630000e+02	2.350000e+02	6.600000e+02	2.670000e+02	4.940000e+02	1.182000e+03	3.600000e+02	2.245000e+03	1.938000e+03	2.727000e+03	7.200000e+01	3.100000e+01	9.700000e+01	1.660000e+02	1.510000e+02	5.700000e+01	3.800000e+01	1.090000e+02	1.460000e+02
2.300000e+01	2.300000e+01	2.000000e+01	2.100000e+01	1.900000e+01	5.200000e+01	2.200000e+01	6.200000e+01	1.160000e+02	3.000000e+01	6.680000e+02	8.300000e+01	3.710000e+02	4.290000e+02	8.825000e+03	9.620000e+02	7.750000e+02	4.308000e+03	1.522000e+03	8.670000e+02	6.812000e+03	2.896000e+03	4.120000e+02	3.222000e+03	1.217000e+03	1.777000e+03	1.117800e+04	1.141000e+04	1.044100e+04	4.436000e+03	3.800000e+02	3.720000e+02	2.316000e+03	9.270000e+02	1.133000e+03	3.565000e+03	1.352700e+04	2.243000e+03	1.328500e+04	4.840000e+03	7.440000e+02	1.278000e+03	8.564000e+03	6.739000e+03	1.599000e+03	5.102000e+03	1.125200e+04	3.560000e+03	2.137000e+03	3.556000e+03	5.550000e+02	1.491000e+03	4.520000e+02	2.070000e+03	2.009000e+03	4.000000e+01	7.600000e+01	1.680000e+02	1.470000e+02	1.630000e+02	2.070000e+02	2.510000e+02	3.000000e+01	1.280000e+02
2.800000e+01	2.800000e+01	2.100000e+01	1.600000e+01	3.700000e+01	8.300000e+01	2.600000e+01	5.100000e+01	3.100000e+01	2.330000e+02	6.400000e+01	2.610000e+02	2.142000e+03	5.220000e+02	1.982000e+03	2.357000e+03	8.440000e+02	2.596000e+03	2.860000e+02	1.268100e+04	7.671000e+03	4.910000e+02	1.422000e+03	5.640000e+02	6.010000e+03	4.900000e+02	3.580000e+02	4.948000e+03	1.309000e+03	4.120000e+02	5.187000e+03	1.048000e+03	1.494000e+03	9.885000e+03	7.190000e+02	2.579000e+03	1.040000e+03	2.210000e+03	4.232000e+03	4.547000e+03	7.240000e+02	8.422000e+03	9.940000e+02	4.476000e+03	7.960000e+02	1.989000e+03	1.720000e+02	3.395000e+03	3.960000e+03	1.450000e+03	2.235000e+03	2.092000e+03	9.531000e+03	4.584000e+03	8.300000e+01	5.200000e+01	4.600000e+01	2.400000e+01	9.600000e+01	5.100000e+01	1.610000e+02	1.580000e+02	2.100000e+01	4.900000e+01
2.400000e+01	2.400000e+01	1.500000e+01	2.100000e+01	2.100000e+01	5.300000e+01	8.600000e+01	6.900000e+01	5.400000e+01	4.900000e+01	4.300000e+02	1.410000e+03	7.480000e+02	3.885000e+03	5.025000e+03	1.355000e+03	1.776000e+03	5.250000e+02	1.190000e+02	1.699000e+03	1.285000e+03	7.202000e+03	8.510000e+02	2.333000e+03	5.418000e+03	7.320000e+02	1.760000e+02	4.720000e+02	1.010300e+04	1.396100e+04	4.792000e+03	2.150000e+02	6.970000e+03	6.520000e+02	2.613000e+03	1.006000e+03	3.980000e+02	9.540000e+02	6.880000e+02	2.062000e+03	2.348000e+03	9.237000e+03	7.150000e+02	1.544000e+03	5.395000e+03	1.439000e+03	1.730000e+03	1.152000e+03	4.450000e+02	1.503000e+03	2.070000e+03	2.378000e+03	1.530000e+03	1.950000e+02	9.700000e+01	4.300000e+01	5.500000e+01	1.250000e+02	7.900000e+01	1.120000e+02	1.200000e+02	4.800000e+01	8.300000e+01	9.400000e+01
2.600000e+01	2.600000e+01	2.000000e+01	2.800000e+01	2.000000e+01	3.900000e+01	7.100000e+01	5.100000e+01	5.400000e+01	1.200000e+02	2.030000e+02	8.600000e+01	4.600000e+02	6.150000e+02	4.573000e+03	1.345000e+03	1.872000e+03	4.640000e+02	2.168000e+03	5.159000e+03	2.695000e+03	1.710000e+03	3.880000e+02	9.710000e+02	3.340000e+02	2.535000e+03	1.344000e+03	4.986000e+03	1.679000e+03	3.309000e+03	5.090000e+02	4.030000e+03	1.032000e+03	2.950000e+03	1.711000e+03	2.894000e+03	4.181000e+03	5.347000e+03	5.240000e+03	1.305000e+03	1.767000e+03	5.540000e+02	4.820000e+02	3.055000e+03	3.220000e+02	1.142000e+03	7.860000e+02	3.933000e+03	8.550000e+02	1.680000e+02	5.555000e+03	9.660000e+02	3.620000e+02	1.100000e+02	1.510000e+02	6.800000e+01	5.100000e+01	7.000000e+01	1.070000e+02	1.010000e+02	8.500000e+01	2.900000e+01	3.300000e+01	6.600000e+01
2.400000e+01	2.100000e+01	1.800000e+01	2.100000e+01	1.900000e+01	2.300000e+01	3.600000e+01	1.450000e+02	2.140000e+02	2.900000e+02	2.100000e+02	8.930000e+02	3.260000e+02	4.270000e+02	2.681000e+03	4.959000e+03	4.800000e+02	7.690000e+02	7.021000e+03	7.770000e+02	1.293000e+03	8.680000e+02	8.660000e+02	1.726000e+03	5.014000e+03	1.241000e+03	9.874000e+03	1.416000e+03	2.034000e+03	1.166700e+04	1.374000e+03	7.710000e+02	5.760000e+02	3.470000e+03	2.545000e+03	6.950000e+02	8.640000e+02	7.246000e+03	3.855000e+03	4.028000e+03	1.320000e+02	3.674000e+03	2.133000e+03	1.753000e+03	1.305000e+03	1.041000e+03	3.059000e+03	2.031000e+03	1.987000e+03	3.976000e+03	2.192000e+03	2.637000e+03	4.600000e+01	7.900000e+01	4.300000e+01	1.010000e+02	2.540000e+02	9.300000e+01	4.700000e+01	7.400000e+01	4.200000e+01	1.790000e+02	3.200000e+01	4.400000e+01
2.200000e+01	1.900000e+01	2.600000e+01	3.200000e+01	2.200000e+01	2.900000e+01	3.700000e+01	8.900000e+01	1.390000e+02	9.600000e+01	8.000000e+01	4.220000e+02	3.970000e+02	4.650000e+02	7.280000e+02	7.110000e+02	4.240000e+02	1.350000e+02	1.470000e+02	1.750000e+02	1.260000e+02	1.710000e+02	6.170000e+02	4.718000e+03	1.683000e+03	3.570000e+02	7.000000e+02	1.028000e+03	5.040000e+02	1.485000e+03	1.312000e+03	3.791000e+03	2.303000e+03	4.380000e+02	3.610000e+02	1.910000e+02	1.617000e+03	4.380000e+02	9.480000e+02	2.573000e+03	1.660000e+02	1.202000e+03	5.550000e+02	2.419000e+03	5.430000e+02	2.153000e+03	1.839000e+03	1.399000e+03	6.090000e+02	3.970000e+02	8.500000e+01	6.100000e+01	1.480000e+02	3.220000e+02	8.900000e+01	9.200000e+01	4.500000e+01	1.060000e+02	4.800000e+01	1.400000e+02	3.900000e+01	2.180000e+02	8.700000e+01	6.700000e+01
2.100000e+01	2.400000e+01	2.700000e+01	2.400000e+01	2.400000e+01	4.600000e+01	3.400000e+01	1.910000e+02	3.900000e+01	9.900000e+01	2.080000e+02	1.550000e+02	3.550000e+02	1.959000e+03	4.660000e+02	9.540000e+02	2.930000e+02	1.340000e+03	3.290000e+02	2.891000e+03	9.470000e+02	8.170000e+02	2.350000e+03	2.670000e+03	2.414000e+03	9.530000e+02	2.080000e+02	1.033000e+03	2.470000e+03	3.581000e+03	2.800000e+02	1.280000e+02	1.763000e+03	3.520000e+02	7.520000e+02	3.250000e+02	1.771000e+03	2.947000e+03	6.900000e+01	1.962000e+03	6.680000e+02	8.100000e+01	3.375000e+03	8.794000e+03	1.404400e+04	2.513000e+03	4.600000e+01	3.300000e+01	1.660000e+02	1.360000e+02	8.100000e+01	8.100000e+01	7.500000e+01	2.800000e+01	4.100000e+01	6.900000e+01	7.100000e+01	2.400000e+01	5.900000e+01	9.700000e+01	1.040000e+02	9.300000e+01	3.200000e+01	2.800000e+01
2.300000e+01	2.100000e+01	2.100000e+01	2.500000e+01	3.000000e+01	2.100000e+01	4.300000e+01	5.100000e+01	1.140000e+02	5.400000e+01	2.790000e+02	6.790000e+02	1.860000e+02	1.420000e+02	4.450000e+03	2.850000e+02	5.510000e+02	3.410000e+02	1.135000e+03	5.090000e+02	1.255000e+03	5.220000e+02	1.435000e+03	1.125000e+03	1.530000e+02	3.300000e+02	2.567000e+03	1.598000e+03	4.850000e+02	1.099000e+03	7.910000e+02	1.174000e+03	1.625000e+03	1.980000e+02	4.930000e+02	1.791000e+03	2.595000e+03	7.623000e+03	1.300000e+02	1.633000e+03	6.596000e+03	1.383400e+04	5.179000e+03	1.512000e+03	1.810000e+02	7.600000e+01	3.900000e+01	1.000000e+02	6.900000e+01	2.280000e+02	2.450000e+02	9.800000e+01	7.700000e+01	1.280000e+02	2.830000e+02	6.200000e+01	1.070000e+02	1.100000e+02	6.900000e+01	7.700000e+01	1.100000e+02	4.500000e+01	3.900000e+01	2.900000e+01
1.600000e+01	2.000000e+01	2.400000e+01	2.900000e+01	1.800000e+01	2.400000e+01	3.200000e+01	2.600000e+01	2.900000e+01	1.120000e+02	1.400000e+02	2.910000e+02	1.700000e+02	2.110000e+02	9.600000e+02	1.550000e+02	1.040000e+03	2.819000e+03	2.823000e+03	1.850000e+03	1.636000e+03	1.428000e+03	1.220000e+03	7.410000e+02	1.928000e+03	1.224000e+03	3.160000e+02	2.759000e+03	3.828000e+03	1.527000e+03	3.090000e+02	2.670000e+03	5.886000e+03	2.028000e+03	1.958000e+03	6.940000e+02	6.850000e+02	5.525000e+03	3.970000e+02	6.860000e+02	1.871000e+03	6.300000e+01	1.260000e+02	5.300000e+01	1.700000e+02	1.200000e+02	4.800000e+01	5.500000e+01	7.800000e+01	9.900000e+01	3.000000e+01	5.200000e+01	4.800000e+01	4.800000e+01	6.800000e+01	4.200000e+01	7.400000e+01	3.600000e+01	1.970000e+02	3.800000e+01	5.300000e+01	6.100000e+01	2.900000e+01	2.800000e+01
2.200000e+01	3.000000e+01	1.800000e+01	1.900000e+01	2.500000e+01	2.200000e+01	3.100000e+01	4.700000e+01	7.500000e+01	1.350000e+02	1.240000e+02	3.100000e+01	9.630000e+02	5.420000e+02	3.064000e+03	4.140000e+02	1.283000e+03	1.571000e+03	1.620000e+02	3.480000e+02	1.024000e+03	1.232000e+03	4.320000e+03	2.725000e+03	1.331000e+03	3.478000e+03	2.265000e+03	1.691000e+03	6.810000e+02	9.260000e+02	9.530000e+02	1.900000e+02	9.430000e+02	9.540000e+02	1.573000e+03	5.302000e+03	3.039000e+03	2.064000e+03	1.280000e+02	1.260000e+02	5.200000e+01	4.500000e+01	4.100000e+01	4.500000e+01	1.070000e+02	1.140000e+02	6.800000e+01	6.400000e+01	1.290000e+02	3.600000e+01	4.500000e+01	4.000000e+01	9.000000e+01	1.080000e+02	5.200000e+01	5.400000e+01	3.600000e+01	2.570000e+02	8.800000e+01	7.800000e+01	1.350000e+02	8.000000e+01	5.500000e+01	2.200000e+01
1.900000e+01	2.400000e+01	2.100000e+01	3.000000e+01	2.300000e+01	2.400000e+01	2.200000e+01	3.100000e+01	4.600000e+01	5.100000e+01	5.500000e+01	1.180000e+02	1.220000e+02	4.570000e+02	1.010000e+02	6.370000e+02	1.320000e+03	7.470000e+02	2.420000e+02	1.101000e+03	1.981000e+03	5.837000e+03	9.370000e+02	2.162000e+03	3.020000e+03	4.000000e+02	1.604000e+03	2.858000e+03	3.210000e+02	4.376000e+03	7.370000e+02	1.933000e+03	1.471000e+03	6.000000e+02	1.820000e+02	1.730000e+02	6.200000e+01	5.200000e+01	5.400000e+01	4.800000e+01	6.200000e+01	4.200000e+01	1.770000e+02	3.000000e+01	1.600000e+02	3.200000e+01	1.110000e+02	1.060000e+02	5.100000e+01	3.000000e+01	1.390000e+02	5.100000e+01	4.600000e+01	1.090000e+02	9.100000e+01	4.400000e+01	4.200000e+01	6.900000e+01	6.100000e+01	8.800000e+01	6.300000e+01	1.800000e+01	3.000000e+01	2.000000e+01
2.400000e+01	1.800000e+01	2.500000e+01	2.600000e+01	2.300000e+01	2.500000e+01	1.700000e+01	2.000000e+01	3.100000e+01	3.100000e+01	5.500000e+01	2.370000e+02	1.920000e+02	5.600000e+01	1.110000e+02	1.160000e+02	3.150000e+02	8.600000e+01	1.180000e+02	1.560000e+02	3.200000e+01	6.110000e+02	2.120000e+02	7.400000e+01	5.200000e+01	9.100000e+01	6.100000e+01	4.700000e+01	3.800000e+01	8.500000e+01	7.200000e+01	3.100000e+01	5.100000e+01	3.000000e+01	4.300000e+01	2.020000e+02	3.200000e+01	3.100000e+01	5.900000e+01	1.770000e+02	1.360000e+02	1.760000e+02	1.030000e+02	2.900000e+01	1.090000e+02	7.800000e+01	5.700000e+01	1.110000e+02	3.300000e+01	2.370000e+02	5.000000e+01	3.000000e+02	4.400000e+01	1.180000e+02	1.980000e+02	4.100000e+01	3.800000e+01	5.200000e+01	3.100000e+01	3.200000e+01	4.000000e+01	1.300000e+01	2.000000e+01	2.700000e+01
2.000000e+01	2.800000e+01	1.800000e+01	2.700000e+01	2.700000e+01	1.500000e+01	2.400000e+01	1.900000e+01	2.200000e+01	1.500000e+01	2.200000e+01	3.000000e+01	4.300000e+01	5.400000e+01	2.200000e+01	3.800000e+01	2.900000e+01	6.600000e+01	4.400000e+01	3.900000e+01	1.350000e+02	4.900000e+01	7.500000e+01	6.200000e+01	4.000000e+01	1.000000e+02	6.900000e+01	3.800000e+01	8.700000e+01	5.500000e+01	2.400000e+01	3.200000e+01	6.400000e+01	2.200000e+01	3.900000e+01	6.500000e+01	1.490000e+02	3.400000e+01	5.600000e+01	8.500000e+01	8.700000e+01	2.800000e+01	3.400000e+01	3.500000e+01	1.390000e+02	2.900000e+01	9.800000e+01	3.400000e+01	1.180000e+02	4.300000e+01	5.600000e+01	4.100000e+01	1.530000e+02	8.700000e+01	2.700000e+01	2.500000e+02	1.050000e+02	1.500000e+01	3.300000e+01	2.700000e+01	1.140000e+02	3.200000e+01	2.200000e+01	1.800000e+01
2.700000e+01	2.000000e+01	2.300000e+01	1.200000e+01	2.400000e+01	1.600000e+01	1.200000e+01	2.300000e+01	2.500000e+01	2.600000e+01	2.500000e+01	3.100000e+01	3.100000e+01	5.000000e+01	2.800000e+01	3.900000e+01	4.300000e+01	6.300000e+01	5.800000e+01	6.600000e+01	2.270000e+02	1.040000e+02	3.100000e+01	4.200000e+01	7.600000e+01	6.500000e+01	2.040000e+02	3.400000e+01	2.900000e+01	3.000000e+01	3.700000e+01	4.600000e+01	4.800000e+01	6.200000e+01	8.600000e+01	4.200000e+01	8.800000e+01	8.400000e+01	1.500000e+01	2.500000e+01	8.200000e+01	3.700000e+01	6.200000e+01	9.300000e+01	5.700000e+01	4.400000e+01	2.600000e+01	9.300000e+01	5.200000e+01	5.600000e+01	1.220000e+02	5.100000e+01	4.600000e+01	4.500000e+01	5.700000e+01	8.000000e+01	2.800000e+02	2.500000e+01	1.900000e+01	3.160000e+02	2.900000e+01	1.600000e+01	2.200000e+01	2.400000e+01
1.500000e+01	1.500000e+01	1.200000e+01	1.900000e+01	2.700000e+01	1.300000e+01	1.600000e+01	2.100000e+01	1.900000e+01	1.500000e+01	2.300000e+01	1.900000e+01	3.600000e+01	5.000000e+01	3.100000e+01	5.700000e+01	2.200000e+01	1.310000e+02	8.800000e+01	2.380000e+02	4.200000e+01	2.800000e+01	1.070000e+02	4.400000e+01	5.200000e+01	6.000000e+01	9.000000e+01	2.300000e+01	1.940000e+02	1.050000e+02	7.400000e+01	2.130000e+02	6.800000e+01	8.100000e+01	3.900000e+01	5.200000e+01	6.000000e+01	5.200000e+01	4.400000e+01	1.020000e+02	6.000000e+01	5.400000e+01	6.600000e+01	1.180000e+02	1.500000e+02	1.000000e+02	5.500000e+01	4.700000e+01	1.020000e+02	4.100000e+01	3.100000e+01	1.850000e+02	2.120000e+02	3.200000e+01	4.600000e+01	2.500000e+01	3.500000e+01	2.000000e+01	6.500000e+01	3.400000e+01	2.200000e+01	2.000000e+01	1.300000e+01	1.700000e+01
1.100000e+01	1.600000e+01	1.500000e+01	1.900000e+01	2.300000e+01	1.200000e+01	1.800000e+01	2.000000e+01	1.800000e+01	2.100000e+01	2.200000e+01	1.300000e+01	5.300000e+01	4.800000e+01	2.700000e+01	3.700000e+01	5.000000e+01	2.000000e+01	1.670000e+02	2.400000e+01	3.400000e+01	5.100000e+01	9.500000e+01	4.500000e+01	1.420000e+02	3.400000e+01	4.000000e+01	2.080000e+02	2.600000e+01	6.900000e+01	1.350000e+02	5.000000e+01	1.040000e+02	6.000000e+01	3.400000e+01	6.600000e+01	1.660000e+02	5.000000e+01	4.100000e+01	7.600000e+01	5.600000e+01	5.800000e+01	2.700000e+01	2.710000e+02	2.290000e+02	6.600000e+01	3.800000e+01	4.100000e+01	2.700000e+01	4.600000e+01	2.400000e+01	2.800000e+01	4.800000e+01	1.930000e+02	2.300000e+01	3.500000e+01	1.370000e+02	9.100000e+01	3.200000e+01	1.600000e+01	1.700000e+01	2.200000e+01	1.600000e+01	1.800000e+01
2.000000e+01	1.900000e+01	1.300000e+01	2.100000e+01	1.700000e+01	1.900000e+01	2.800000e+01	2.500000e+01	2.200000e+01	2.500000e+01	2.100000e+01	2.400000e+01	2.700000e+01	2.000000e+01	4.000000e+01	6.800000e+01	4.600000e+01	4.900000e+01	3.400000e+01	5.300000e+01	1.350000e+02	7.700000e+01	2.500000e+01	7.200000e+01	5.400000e+01	1.900000e+01	2.600000e+01	1.090000e+02	5.100000e+01	8.600000e+01	2.300000e+01	3.100000e+01	6.200000e+01	1.200000e+01	2.280000e+02	5.600000e+01	6.400000e+01	4.400000e+01	8.700000e+01	5.100000e+01	4.700000e+01	5.300000e+01	2.800000e+01	4.100000e+01	1.230000e+02	6.500000e+01	1.350000e+02	2.210000e+02	5.700000e+01	9.000000e+01	4.300000e+01	1.330000e+02	3.600000e+01	2.200000e+01	4.600000e+01	6.500000e+01	1.400000e+02	2.800000e+01	1.500000e+01	2.500000e+01	2.400000e+01	2.400000e+01	1.500000e+01	1.700000e+01
1.900000e+01	1.900000e+01	2.500000e+01	2.000000e+01	2.100000e+01	1.900000e+01	1.600000e+01	2.100000e+01	1.500000e+01	1.700000e+01	4.500000e+01	2.800000e+01	2.400000e+01	2.100000e+01	3.000000e+01	2.000000e+01	4.300000e+01	7.700000e+01	5.100000e+01	3.700000e+01	2.400000e+01	4.500000e+01	5.700000e+01	1.360000e+02	9.400000e+01	4.200000e+01	2.600000e+01	4.800000e+01	3.800000e+01	3.800000e+01	3.070000e+02	2.600000e+02	6.500000e+01	9.300000e+01	2.100000e+01	7.200000e+01	3.300000e+01	1.180000e+02	1.550000e+02	6.100000e+01	6.100000e+01	4.000000e+01	2.700000e+01	2.000000e+01	3.300000e+01	5.400000e+01	9.700000e+01	3.900000e+01	7.800000e+01	4.500000e+01	2.900000e+01	4.000000e+01	7.500000e+01	4.200000e+02	6.600000e+01	4.300000e+01	7.800000e+01	1.500000e+01	2.000000e+01	1.400000e+01	1.900000e+01	1.900000e+01	1.600000e+01	1.300000e+01
1.300000e+01	1.500000e+01	2.100000e+01	1.900000e+01	1.900000e+01	1.400000e+01	1.900000e+01	1.500000e+01	2.300000e+01	2.400000e+01	1.400000e+01	2.000000e+01	1.900000e+01	5.400000e+01	3.200000e+01	2.600000e+01	3.500000e+01	5.200000e+01	8.800000e+01	9.900000e+01	2.400000e+01	3.900000e+01	5.200000e+01	5.100000e+01	4.900000e+01	7.300000e+01	8.100000e+01	8.300000e+01	4.400000e+01	1.310000e+02	2.600000e+01	2.100000e+01	5.200000e+01	1.300000e+02	6.600000e+01	1.750000e+02	2.400000e+01	5.700000e+01	5.800000e+01	2.800000e+01	1.170000e+02	2.100000e+01	7.400000e+01	2.800000e+01	1.360000e+02	1.230000e+02	6.900000e+01	5.700000e+01	2.400000e+01	3.800000e+01	1.270000e+02	1.240000e+02	3.910000e+02	4.910000e+02	5.000000e+01	3.100000e+01	9.000000e+00	1.400000e+01	2.400000e+01	1.600000e+01	2.100000e+01	1.900000e+01	2.200000e+01	1.800000e+01
1.500000e+01	2.100000e+01	1.700000e+01	2.300000e+01	2.100000e+01	1.800000e+01	1.100000e+01	2.300000e+01	1.700000e+01	2.000000e+01	2.200000e+01	2.100000e+01	2.400000e+01	2.200000e+01	1.600000e+01	1.700000e+01	1.900000e+01	2.600000e+01	6.100000e+01	1.700000e+01	2.500000e+01	3.400000e+01	6.600000e+01	3.500000e+01	2.600000e+01	1.360000e+02	3.700000e+01	1.740000e+02	1.170000e+02	1.010000e+02	2.100000e+01	7.300000e+01	6.400000e+01	7.200000e+01	2.900000e+01	6.900000e+01	3.700000e+01	6.500000e+01	4.000000e+01	5.300000e+01	1.540000e+02	2.700000e+01	5.300000e+01	6.000000e+01	1.440000e+02	3.000000e+01	3.600000e+01	1.520000e+02	3.770000e+02	3.110000e+02	4.200000e+01	3.790000e+02	1.630000e+02	5.300000e+01	2.000000e+01	2.200000e+01	2.500000e+01	2.700000e+01	1.800000e+01	1.500000e+01	2.400000e+01	2.000000e+01	1.500000e+01	1.800000e+01

