# comment: 
# name: Spectrum measurement
# metadata: {'created': '2026-06-09T13_56_58', 'description': 'Spectrum measurement'}
# parameters: {'start_nm': 740.0, 'end_nm': 750.0, 'step_nm': 0.2, 'accum_time_ms': 200, 'number_repetitions': 1, 'data_points': 0}
# units: {'start_nm': 'nanometers', 'end_nm': 'nanometers', 'step_nm': 'nanometers', 'accum_time_ms': 'milliseconds'}
X1	Y1
7.500000e+02	1.707660e+05
7.500000e+02	1.732700e+05
7.498900e+02	1.744650e+05
7.496800e+02	1.782930e+05
7.494400e+02	1.821170e+05
7.491700e+02	1.848000e+05
7.489200e+02	1.878410e+05
7.486500e+02	1.898640e+05
7.482400e+02	1.941120e+05
7.482400e+02	1.952620e+05
7.478600e+02	1.963250e+05
7.476700e+02	1.981940e+05
7.473300e+02	1.988250e+05
7.469300e+02	2.013600e+05
7.466400e+02	2.023280e+05
7.464600e+02	2.033280e+05
7.462000e+02	2.057820e+05
7.462000e+02	2.095290e+05
7.457200e+02	2.114980e+05
7.457200e+02	2.137610e+05
7.451700e+02	2.156180e+05
7.451700e+02	2.204410e+05
7.451700e+02	2.236650e+05
7.442200e+02	2.260550e+05
7.439500e+02	2.296800e+05
7.435300e+02	2.308550e+05
7.435300e+02	2.347500e+05
7.431200e+02	2.347670e+05
7.429100e+02	2.381020e+05
7.425300e+02	2.429250e+05
7.422300e+02	2.429010e+05
7.419500e+02	2.440970e+05
7.416600e+02	2.457400e+05
7.416600e+02	2.448540e+05
7.412000e+02	2.458590e+05
7.412000e+02	2.495630e+05
7.404800e+02	2.484260e+05
7.401100e+02	2.523440e+05
7.401100e+02	2.552520e+05
7.400000e+02	2.540300e+05
