# comment: Спектр видимой области ФЭУ. Лампочка 3500 К, вроде как. Никаких лишних стёкл нет
# name: Spectrum measurement
# metadata: {'created': '2026-06-09T15_26_09', 'description': 'Spectrum measurement'}
# parameters: {'start_nm': 300.0, 'end_nm': 1000.0, 'step_nm': 0.5, 'accum_time_ms': 250, 'number_repetitions': 1, 'data_points': 0}
# units: {'start_nm': 'nanometers', 'end_nm': 'nanometers', 'step_nm': 'nanometers', 'accum_time_ms': 'milliseconds'}
X1	Y1
3.000000e+02	1.563700e+04
3.000200e+02	1.574100e+04
3.002200e+02	1.564800e+04
3.006500e+02	1.548600e+04
3.012500e+02	1.589900e+04
3.018900e+02	1.548800e+04
3.025300e+02	1.561200e+04
3.034900e+02	1.565600e+04
3.041100e+02	1.561800e+04
3.047400e+02	1.556600e+04
3.057000e+02	1.553000e+04
3.063500e+02	1.547400e+04
3.070300e+02	1.536600e+04
3.079400e+02	1.524200e+04
3.089000e+02	1.548700e+04
3.096000e+02	1.547600e+04
3.105300e+02	1.540800e+04
3.115000e+02	1.542600e+04
3.124500e+02	1.559700e+04
3.134500e+02	1.566900e+04
3.144100e+02	1.550000e+04
3.154400e+02	1.567000e+04
3.163500e+02	1.532300e+04
3.169100e+02	1.520900e+04
3.176100e+02	1.545500e+04
3.179500e+02	1.537600e+04
3.186000e+02	1.531600e+04
3.192300e+02	1.536800e+04
3.199100e+02	1.522600e+04
3.205400e+02	1.535900e+04
3.211800e+02	1.538700e+04
3.218400e+02	1.538300e+04
3.224100e+02	1.556700e+04
3.230800e+02	1.540700e+04
3.240300e+02	1.546000e+04
3.246500e+02	1.546000e+04
3.252800e+02	1.556300e+04
3.259200e+02	1.554100e+04
3.269100e+02	1.536900e+04
3.275700e+02	1.565000e+04
3.282100e+02	1.565400e+04
3.291300e+02	1.564300e+04
3.297800e+02	1.585800e+04
3.304800e+02	1.600500e+04
3.313600e+02	1.596200e+04
3.323300e+02	1.616500e+04
3.329300e+02	1.614500e+04
3.339000e+02	1.628500e+04
3.345500e+02	1.662700e+04
3.354600e+02	1.647900e+04
3.361800e+02	1.653600e+04
3.371000e+02	1.726000e+04
3.380300e+02	1.736100e+04
3.390100e+02	1.756200e+04
3.397000e+02	1.770200e+04
3.406400e+02	1.827100e+04
3.416000e+02	1.861100e+04
3.425500e+02	1.898000e+04
3.435000e+02	1.931900e+04
3.444600e+02	1.958600e+04
3.454700e+02	2.003100e+04
3.464500e+02	2.094100e+04
3.473500e+02	2.117100e+04
3.483300e+02	2.177200e+04
3.489100e+02	2.181900e+04
3.495400e+02	2.206100e+04
3.505400e+02	2.260100e+04
3.512000e+02	2.299600e+04
3.515900e+02	2.361200e+04
3.527900e+02	2.421800e+04
3.534200e+02	2.460700e+04
3.540200e+02	2.482400e+04
3.549900e+02	2.547500e+04
3.556800e+02	2.602600e+04
3.563600e+02	2.671000e+04
3.572600e+02	2.688200e+04
3.579200e+02	2.761900e+04
3.586800e+02	2.762300e+04
3.598100e+02	2.840900e+04
3.604300e+02	2.882600e+04
3.612000e+02	2.897100e+04
3.620900e+02	2.966500e+04
3.630500e+02	3.001600e+04
3.638000e+02	3.091300e+04
3.649500e+02	3.143700e+04
3.656000e+02	3.232600e+04
3.663300e+02	3.285500e+04
3.669000e+02	3.261300e+04
3.674900e+02	3.329000e+04
3.684400e+02	3.357400e+04
3.697900e+02	3.439600e+04
3.704400e+02	3.478600e+04
3.711200e+02	3.508500e+04
3.716600e+02	3.569600e+04
3.725200e+02	3.581500e+04
3.731600e+02	3.670100e+04
3.739000e+02	3.701800e+04
3.745800e+02	3.706500e+04
3.755100e+02	3.768500e+04
3.761500e+02	3.752300e+04
3.771300e+02	3.824200e+04
3.777300e+02	3.848200e+04
3.786800e+02	3.833300e+04
3.792700e+02	3.873000e+04
3.799200e+02	3.893200e+04
3.809100e+02	3.894500e+04
3.815600e+02	3.939300e+04
3.825300e+02	3.982500e+04
3.831700e+02	4.032900e+04
3.839200e+02	3.992000e+04
3.847700e+02	3.969600e+04
3.857100e+02	4.016600e+04
3.863600e+02	4.035800e+04
3.873200e+02	4.050500e+04
3.883000e+02	4.051700e+04
3.889700e+02	4.014600e+04
3.898600e+02	4.041200e+04
3.905800e+02	4.043800e+04
3.915300e+02	4.012100e+04
3.924200e+02	4.061600e+04
3.934100e+02	4.037000e+04
3.943200e+02	4.049800e+04
3.950600e+02	4.027400e+04
3.959700e+02	4.017500e+04
3.968500e+02	4.026500e+04
3.978800e+02	3.992400e+04
3.988400e+02	3.980700e+04
3.997300e+02	4.010500e+04
4.004300e+02	4.000600e+04
4.013900e+02	3.975200e+04
4.025600e+02	3.969500e+04
4.033500e+02	3.989900e+04
4.052800e+02	3.984300e+04
4.062400e+02	3.998000e+04
4.072000e+02	3.988200e+04
4.077500e+02	3.980800e+04
4.082700e+02	3.985000e+04
4.089800e+02	4.001400e+04
4.101700e+02	3.971200e+04
4.112000e+02	4.002700e+04
4.116700e+02	4.020600e+04
4.123100e+02	4.038800e+04
4.130000e+02	4.005800e+04
4.136000e+02	4.041900e+04
4.142900e+02	4.015500e+04
4.150800e+02	4.013500e+04
4.161000e+02	4.083700e+04
4.166900e+02	4.082700e+04
4.174200e+02	4.037600e+04
4.180700e+02	4.089700e+04
4.186800e+02	4.048900e+04
4.196300e+02	4.146100e+04
4.203100e+02	4.098600e+04
4.209600e+02	4.109300e+04
4.219500e+02	4.102700e+04
4.223000e+02	4.153300e+04
4.232900e+02	4.170900e+04
4.242500e+02	4.197500e+04
4.248900e+02	4.145100e+04
4.255800e+02	4.176200e+04
4.265000e+02	4.217400e+04
4.271600e+02	4.205400e+04
4.278900e+02	4.232600e+04
4.287700e+02	4.245000e+04
4.296500e+02	4.337900e+04
4.303600e+02	4.332100e+04
4.312600e+02	4.317400e+04
4.318900e+02	4.325600e+04
4.327800e+02	4.330700e+04
4.337300e+02	4.393800e+04
4.343600e+02	4.340200e+04
4.353100e+02	4.425800e+04
4.359400e+02	4.413100e+04
4.369300e+02	4.460200e+04
4.376200e+02	4.440500e+04
4.385500e+02	4.466700e+04
4.394700e+02	4.491300e+04
4.401900e+02	4.502300e+04
4.411000e+02	4.494800e+04
4.420600e+02	4.513300e+04
4.426500e+02	4.518800e+04
4.436000e+02	4.524500e+04
4.445500e+02	4.544800e+04
4.452400e+02	4.613600e+04
4.461700e+02	4.545000e+04
4.471600e+02	4.596600e+04
4.479100e+02	4.572800e+04
4.488300e+02	4.616200e+04
4.497500e+02	4.581000e+04
4.505100e+02	4.608800e+04
4.514600e+02	4.597000e+04
4.523000e+02	4.607900e+04
4.533000e+02	4.653000e+04
4.541800e+02	4.610300e+04
4.551000e+02	4.650300e+04
4.558200e+02	4.631100e+04
4.570100e+02	4.627400e+04
4.579800e+02	4.648100e+04
4.587500e+02	4.638100e+04
4.596500e+02	4.664900e+04
4.604800e+02	4.666900e+04
4.614600e+02	4.652600e+04
4.623500e+02	4.712400e+04
4.631900e+02	4.707200e+04
4.642200e+02	4.681600e+04
4.644900e+02	4.676200e+04
4.651500e+02	4.683400e+04
4.660600e+02	4.648400e+04
4.668200e+02	4.728100e+04
4.674400e+02	4.735500e+04
4.680800e+02	4.710900e+04
4.690800e+02	4.731300e+04
4.697900e+02	4.704500e+04
4.704600e+02	4.740500e+04
4.711000e+02	4.723300e+04
4.720400e+02	4.713600e+04
4.727700e+02	4.731900e+04
4.734100e+02	4.819200e+04
4.741200e+02	4.765200e+04
4.750000e+02	4.795000e+04
4.760000e+02	4.780300e+04
4.766100e+02	4.811300e+04
4.772600e+02	4.803900e+04
4.782100e+02	4.824100e+04
4.788300e+02	4.811200e+04
4.795200e+02	4.873900e+04
4.802400e+02	4.849100e+04
4.813800e+02	4.834200e+04
4.820300e+02	4.846700e+04
4.830300e+02	4.874200e+04
4.836800e+02	4.858500e+04
4.844100e+02	4.913300e+04
4.852800e+02	4.767900e+04
4.863200e+02	4.914900e+04
4.869300e+02	5.021300e+04
4.878700e+02	5.027100e+04
4.887800e+02	5.027700e+04
4.894100e+02	5.059400e+04
4.901300e+02	5.061100e+04
4.910500e+02	5.137200e+04
4.918900e+02	5.128300e+04
4.928800e+02	5.159300e+04
4.935500e+02	5.201300e+04
4.945000e+02	5.237000e+04
4.954100e+02	5.280200e+04
4.960700e+02	5.309800e+04
4.967800e+02	5.309200e+04
4.977200e+02	5.277300e+04
4.985900e+02	5.226900e+04
4.995300e+02	5.232800e+04
5.002300e+02	5.152500e+04
5.011900e+02	5.121000e+04
5.020200e+02	4.948000e+04
5.029800e+02	4.950300e+04
5.036800e+02	5.038200e+04
5.046400e+02	5.033300e+04
5.055500e+02	5.071100e+04
5.065700e+02	5.048800e+04
5.073000e+02	5.059300e+04
5.075900e+02	5.056600e+04
5.082700e+02	4.990700e+04
5.091500e+02	5.015600e+04
5.098600e+02	5.020900e+04
5.108200e+02	5.016100e+04
5.118300e+02	4.995100e+04
5.126800e+02	4.996600e+04
5.136000e+02	5.006200e+04
5.143100e+02	5.068700e+04
5.149700e+02	5.045100e+04
5.156200e+02	5.060000e+04
5.165200e+02	5.067400e+04
5.171800e+02	5.049700e+04
5.181900e+02	5.035300e+04
5.191500e+02	5.065200e+04
5.200800e+02	5.105000e+04
5.209400e+02	5.077400e+04
5.216200e+02	5.044800e+04
5.223400e+02	5.047200e+04
5.230700e+02	4.897000e+04
5.242100e+02	5.007600e+04
5.248500e+02	5.146900e+04
5.258400e+02	5.162200e+04
5.268500e+02	5.173800e+04
5.278000e+02	5.294100e+04
5.287400e+02	5.268800e+04
5.296600e+02	5.307100e+04
5.303300e+02	5.384400e+04
5.310600e+02	5.356400e+04
5.319600e+02	5.408000e+04
5.327200e+02	5.490700e+04
5.336500e+02	5.504200e+04
5.346100e+02	5.559000e+04
5.351600e+02	5.594400e+04
5.357600e+02	5.586400e+04
5.366800e+02	5.705000e+04
5.376100e+02	5.695900e+04
5.382300e+02	5.779500e+04
5.389700e+02	5.781500e+04
5.398500e+02	5.842600e+04
5.407400e+02	5.841900e+04
5.414600e+02	5.899400e+04
5.427300e+02	6.019100e+04
5.434100e+02	6.022400e+04
5.440300e+02	6.107000e+04
5.449400e+02	6.104700e+04
5.455600e+02	5.971900e+04
5.462000e+02	6.156900e+04
5.469400e+02	6.182800e+04
5.481200e+02	6.354600e+04
5.491400e+02	6.368900e+04
5.498700e+02	6.373000e+04
5.504000e+02	6.472100e+04
5.510300e+02	6.524900e+04
5.516700e+02	6.553800e+04
5.523000e+02	6.566100e+04
5.532600e+02	6.637800e+04
5.542100e+02	6.709400e+04
5.548500e+02	6.747300e+04
5.555900e+02	6.829400e+04
5.561400e+02	6.796900e+04
5.567400e+02	6.887500e+04
5.577000e+02	6.931200e+04
5.591000e+02	7.045800e+04
5.598100e+02	7.036800e+04
5.604900e+02	7.083500e+04
5.611500e+02	7.193900e+04
5.620200e+02	7.204100e+04
5.629500e+02	7.326400e+04
5.635400e+02	7.306400e+04
5.642600e+02	7.311200e+04
5.649300e+02	7.394300e+04
5.656200e+02	7.424600e+04
5.665700e+02	7.514400e+04
5.671100e+02	7.499000e+04
5.680200e+02	7.580700e+04
5.686600e+02	7.581100e+04
5.693500e+02	7.668500e+04
5.701000e+02	7.711200e+04
5.710700e+02	7.718400e+04
5.719600e+02	7.752400e+04
5.727000e+02	7.856600e+04
5.735600e+02	7.841500e+04
5.741600e+02	7.891100e+04
5.748300e+02	7.883300e+04
5.758600e+02	7.892000e+04
5.764600e+02	7.918700e+04
5.774100e+02	7.987000e+04
5.780200e+02	8.011900e+04
5.786700e+02	8.081300e+04
5.796500e+02	8.138400e+04
5.805800e+02	8.203900e+04
5.812900e+02	8.212800e+04
5.821700e+02	8.274500e+04
5.831600e+02	8.294900e+04
5.838200e+02	8.278000e+04
5.844200e+02	8.324600e+04
5.854100e+02	8.434300e+04
5.860400e+02	8.460600e+04
5.869100e+02	8.448800e+04
5.875500e+02	8.503700e+04
5.885300e+02	8.495100e+04
5.891700e+02	8.473000e+04
5.901000e+02	8.535800e+04
5.910700e+02	8.563000e+04
5.918100e+02	8.651700e+04
5.926500e+02	8.623400e+04
5.933100e+02	8.680100e+04
5.942400e+02	8.727800e+04
5.948500e+02	8.793200e+04
5.956600e+02	8.785100e+04
5.965300e+02	8.788900e+04
5.974700e+02	8.812000e+04
5.981200e+02	8.794100e+04
5.990900e+02	8.878800e+04
6.000700e+02	8.912800e+04
6.009900e+02	8.886300e+04
6.019400e+02	8.897200e+04
6.028700e+02	8.961500e+04
6.035400e+02	8.912200e+04
6.042400e+02	8.944000e+04
6.051800e+02	8.939600e+04
6.059400e+02	8.918500e+04
6.068400e+02	8.666100e+04
6.077900e+02	8.615600e+04
6.084800e+02	8.502600e+04
6.094600e+02	8.447000e+04
6.104500e+02	8.420600e+04
6.113700e+02	8.326100e+04
6.123600e+02	8.323900e+04
6.133100e+02	8.260500e+04
6.139300e+02	8.234700e+04
6.147000e+02	8.295800e+04
6.158200e+02	8.308300e+04
6.162000e+02	8.177200e+04
6.173400e+02	8.249900e+04
6.182900e+02	8.187000e+04
6.192500e+02	8.268400e+04
6.199700e+02	8.221100e+04
6.209600e+02	8.286700e+04
6.215000e+02	8.296700e+04
6.220900e+02	8.399100e+04
6.227900e+02	8.406500e+04
6.239300e+02	8.413200e+04
6.245300e+02	8.440100e+04
6.252300e+02	8.536700e+04
6.261100e+02	8.572700e+04
6.268800e+02	8.589900e+04
6.280400e+02	8.546400e+04
6.289100e+02	8.683800e+04
6.299100e+02	8.684000e+04
6.306000e+02	8.776700e+04
6.315200e+02	8.861700e+04
6.321700e+02	8.865300e+04
6.328100e+02	8.922200e+04
6.335400e+02	8.944400e+04
6.347500e+02	9.042500e+04
6.354100e+02	9.064100e+04
6.361500e+02	9.135700e+04
6.373400e+02	9.233200e+04
6.381400e+02	9.287000e+04
6.383600e+02	9.299300e+04
6.389800e+02	9.349900e+04
6.399500e+02	9.401300e+04
6.409000e+02	9.492000e+04
6.418000e+02	9.582000e+04
6.424300e+02	9.585100e+04
6.433900e+02	9.663600e+04
6.440300e+02	9.731800e+04
6.447500e+02	9.773500e+04
6.458900e+02	9.825300e+04
6.465400e+02	9.899100e+04
6.472400e+02	9.938900e+04
6.484100e+02	9.972200e+04
6.491600e+02	1.006560e+05
6.498100e+02	1.005100e+05
6.504600e+02	1.011800e+05
6.514000e+02	1.014210e+05
6.523600e+02	1.019080e+05
6.531700e+02	1.020750e+05
6.540200e+02	1.021190e+05
6.550100e+02	1.029520e+05
6.556400e+02	1.033860e+05
6.563600e+02	1.040260e+05
6.575400e+02	1.047240e+05
6.581800e+02	1.052060e+05
6.588900e+02	1.055130e+05
6.594900e+02	1.057040e+05
6.600600e+02	1.054270e+05
6.610100e+02	1.060760e+05
6.616600e+02	1.063990e+05
6.622900e+02	1.073570e+05
6.630300e+02	1.064550e+05
6.642100e+02	1.074870e+05
6.649400e+02	1.081390e+05
6.661800e+02	1.083890e+05
6.668200e+02	1.090220e+05
6.675200e+02	1.095050e+05
6.682400e+02	1.098390e+05
6.687900e+02	1.102200e+05
6.694600e+02	1.091290e+05
6.703500e+02	1.100120e+05
6.710700e+02	1.105070e+05
6.717400e+02	1.104370e+05
6.723800e+02	1.108090e+05
6.730000e+02	1.105160e+05
6.740300e+02	1.112430e+05
6.746700e+02	1.109360e+05
6.753800e+02	1.109080e+05
6.765500e+02	1.117080e+05
6.772800e+02	1.114810e+05
6.778800e+02	1.124170e+05
6.784900e+02	1.132480e+05
6.793900e+02	1.129660e+05
6.800800e+02	1.133190e+05
6.808300e+02	1.138090e+05
6.814800e+02	1.140510e+05
6.821300e+02	1.141480e+05
6.830300e+02	1.140320e+05
6.836500e+02	1.143390e+05
6.843300e+02	1.148490e+05
6.852400e+02	1.150430e+05
6.858500e+02	1.147890e+05
6.864600e+02	1.148190e+05
6.874000e+02	1.154200e+05
6.881300e+02	1.153940e+05
6.892700e+02	1.152400e+05
6.899800e+02	1.154350e+05
6.906100e+02	1.156010e+05
6.912700e+02	1.165190e+05
6.922200e+02	1.170040e+05
6.929400e+02	1.170940e+05
6.938100e+02	1.167910e+05
6.944900e+02	1.169630e+05
6.951000e+02	1.174120e+05
6.960800e+02	1.172030e+05
6.967100e+02	1.174650e+05
6.977000e+02	1.179870e+05
6.983100e+02	1.182920e+05
6.989600e+02	1.180620e+05
6.996000e+02	1.178700e+05
7.005600e+02	1.179170e+05
7.012800e+02	1.185800e+05
7.024600e+02	1.181710e+05
7.034300e+02	1.196970e+05
7.040300e+02	1.193470e+05
7.046300e+02	1.195760e+05
7.052700e+02	1.190410e+05
7.059900e+02	1.184580e+05
7.072000e+02	1.195140e+05
7.078700e+02	1.195020e+05
7.084600e+02	1.199990e+05
7.093600e+02	1.196980e+05
7.103100e+02	1.201500e+05
7.109600e+02	1.201540e+05
7.116100e+02	1.193660e+05
7.122400e+02	1.204440e+05
7.132300e+02	1.200980e+05
7.139100e+02	1.202430e+05
7.150000e+02	1.207950e+05
7.159500e+02	1.206350e+05
7.168400e+02	1.203910e+05
7.174800e+02	1.214700e+05
7.181500e+02	1.208440e+05
7.191400e+02	1.210090e+05
7.198400e+02	1.211330e+05
7.207400e+02	1.207580e+05
7.217600e+02	1.214210e+05
7.224000e+02	1.216670e+05
7.231200e+02	1.222790e+05
7.239700e+02	1.225370e+05
7.249200e+02	1.216100e+05
7.255800e+02	1.211470e+05
7.262800e+02	1.215980e+05
7.272100e+02	1.215940e+05
7.281400e+02	1.225780e+05
7.289100e+02	1.219760e+05
7.301400e+02	1.225680e+05
7.309900e+02	1.227740e+05
7.316700e+02	1.225160e+05
7.325600e+02	1.222870e+05
7.332400e+02	1.223030e+05
7.341800e+02	1.225010e+05
7.350900e+02	1.214510e+05
7.360600e+02	1.225350e+05
7.366600e+02	1.220240e+05
7.374100e+02	1.219530e+05
7.385300e+02	1.222520e+05
7.391900e+02	1.221070e+05
7.398200e+02	1.222910e+05
7.407700e+02	1.218200e+05
7.414800e+02	1.220900e+05
7.424900e+02	1.219570e+05
7.434900e+02	1.219370e+05
7.437400e+02	1.222890e+05
7.444600e+02	1.227430e+05
7.456000e+02	1.227870e+05
7.462700e+02	1.219560e+05
7.469000e+02	1.221210e+05
7.478200e+02	1.218020e+05
7.485800e+02	1.213660e+05
7.497500e+02	1.210030e+05
7.504300e+02	1.212570e+05
7.514400e+02	1.209800e+05
7.521600e+02	1.202970e+05
7.530400e+02	1.207120e+05
7.539700e+02	1.209070e+05
7.546400e+02	1.207090e+05
7.555300e+02	1.209640e+05
7.564500e+02	1.196400e+05
7.571700e+02	1.204230e+05
7.580900e+02	1.198160e+05
7.587200e+02	1.191430e+05
7.594800e+02	1.195760e+05
7.606200e+02	1.192600e+05
7.612800e+02	1.189920e+05
7.619300e+02	1.189270e+05
7.629300e+02	1.184730e+05
7.636800e+02	1.184520e+05
7.642100e+02	1.187130e+05
7.647900e+02	1.183840e+05
7.657200e+02	1.184520e+05
7.663700e+02	1.182000e+05
7.674000e+02	1.180260e+05
7.682300e+02	1.177080e+05
7.691500e+02	1.173260e+05
7.698000e+02	1.176060e+05
7.707900e+02	1.173420e+05
7.715200e+02	1.174950e+05
7.724700e+02	1.166490e+05
7.733800e+02	1.165660e+05
7.740600e+02	1.171780e+05
7.747900e+02	1.165180e+05
7.759100e+02	1.160040e+05
7.765300e+02	1.153900e+05
7.774900e+02	1.151250e+05
7.781900e+02	1.145410e+05
7.791400e+02	1.151450e+05
7.798100e+02	1.146040e+05
7.802100e+02	1.138990e+05
7.810500e+02	1.134100e+05
7.820300e+02	1.131940e+05
7.827200e+02	1.128310e+05
7.833000e+02	1.130170e+05
7.839300e+02	1.124370e+05
7.845900e+02	1.136170e+05
7.855300e+02	1.125610e+05
7.864700e+02	1.126630e+05
7.872100e+02	1.128350e+05
7.881400e+02	1.126100e+05
7.892700e+02	1.115610e+05
7.899400e+02	1.113520e+05
7.907100e+02	1.115010e+05
7.909800e+02	1.114300e+05
7.915900e+02	1.106350e+05
7.925400e+02	1.106850e+05
7.931700e+02	1.103560e+05
7.941000e+02	1.105020e+05
7.950400e+02	1.100870e+05
7.957000e+02	1.099770e+05
7.963700e+02	1.086130e+05
7.972800e+02	1.076390e+05
7.979100e+02	1.084090e+05
7.989600e+02	1.078770e+05
7.993100e+02	1.073340e+05
7.999200e+02	1.070710e+05
8.008600e+02	1.073650e+05
8.016000e+02	1.075070e+05
8.025300e+02	1.072860e+05
8.034000e+02	1.070510e+05
8.044400e+02	1.063490e+05
8.053100e+02	1.079080e+05
8.062500e+02	1.067930e+05
8.072300e+02	1.066730e+05
8.078900e+02	1.056290e+05
8.088500e+02	1.060930e+05
8.095500e+02	1.063040e+05
8.105000e+02	1.049450e+05
8.114200e+02	1.040510e+05
8.120200e+02	1.041370e+05
8.124400e+02	1.041260e+05
8.124400e+02	1.040990e+05
8.137700e+02	1.042190e+05
8.144500e+02	1.030190e+05
8.151900e+02	1.035040e+05
8.157800e+02	1.039660e+05
8.160900e+02	1.031310e+05
8.167300e+02	1.034370e+05
8.173700e+02	1.022360e+05
8.183400e+02	1.026470e+05
8.190900e+02	1.027090e+05
8.200800e+02	1.017190e+05
8.209900e+02	1.019950e+05
8.220300e+02	1.018650e+05
8.222500e+02	1.012670e+05
8.228700e+02	1.024220e+05
8.238400e+02	1.020180e+05
8.244000e+02	1.017320e+05
8.250500e+02	1.016360e+05
8.257100e+02	1.017810e+05
8.266800e+02	1.013270e+05
8.273300e+02	1.008360e+05
8.283400e+02	1.010150e+05
8.293300e+02	1.019480e+05
8.303500e+02	1.017170e+05
8.310000e+02	1.012350e+05
8.320000e+02	1.013710e+05
8.327200e+02	1.001180e+05
8.333800e+02	1.003990e+05
8.336900e+02	1.005670e+05
8.343600e+02	1.003850e+05
8.350200e+02	1.002180e+05
8.360000e+02	1.007750e+05
8.369600e+02	9.971200e+04
8.379800e+02	9.949200e+04
8.390000e+02	9.981500e+04
8.397600e+02	9.969300e+04
8.404300e+02	9.993300e+04
8.410600e+02	1.005890e+05
8.418300e+02	9.938600e+04
8.424900e+02	9.979900e+04
8.434300e+02	9.947200e+04
8.440900e+02	9.910400e+04
8.450600e+02	9.957300e+04
8.457800e+02	9.912900e+04
8.467300e+02	9.957600e+04
8.472900e+02	9.943800e+04
8.478500e+02	9.911100e+04
8.494000e+02	9.929100e+04
8.503000e+02	9.955200e+04
8.509200e+02	9.961200e+04
8.515600e+02	9.943200e+04
8.522100e+02	9.926100e+04
8.528500e+02	9.980800e+04
8.537600e+02	9.958500e+04
8.545200e+02	9.901000e+04
8.555300e+02	9.959500e+04
8.564700e+02	9.930100e+04
8.570000e+02	9.974200e+04
8.576200e+02	9.941800e+04
8.585500e+02	1.000540e+05
8.591900e+02	1.000970e+05
8.597800e+02	9.926700e+04
8.603900e+02	1.001420e+05
8.613200e+02	9.960100e+04
8.619200e+02	9.913200e+04
8.626300e+02	9.987200e+04
8.635300e+02	9.951600e+04
8.644600e+02	9.908400e+04
8.658000e+02	9.923600e+04
8.664900e+02	9.927700e+04
8.670200e+02	9.953300e+04
8.679500e+02	9.983500e+04
8.688300e+02	9.929600e+04
8.697500e+02	9.913400e+04
8.703600e+02	9.879300e+04
8.709800e+02	9.894500e+04
8.716000e+02	9.878300e+04
8.722100e+02	9.882000e+04
8.731100e+02	9.972500e+04
8.741200e+02	9.910200e+04
8.750900e+02	9.930200e+04
8.756900e+02	9.937600e+04
8.763200e+02	9.913400e+04
8.772800e+02	9.861400e+04
8.779400e+02	9.838800e+04
8.785700e+02	9.872700e+04
8.792100e+02	9.891000e+04
8.798600e+02	9.901600e+04
8.808300e+02	9.950800e+04
8.815100e+02	9.857700e+04
8.824500e+02	9.857300e+04
8.833500e+02	9.890500e+04
8.839100e+02	9.799200e+04
8.848700e+02	9.838400e+04
8.852600e+02	9.855700e+04
8.859800e+02	9.872000e+04
8.865200e+02	9.799700e+04
8.871200e+02	9.859900e+04
8.877600e+02	9.836100e+04
8.887300e+02	9.846100e+04
8.893500e+02	9.781500e+04
8.900000e+02	9.776300e+04
8.906800e+02	9.717600e+04
8.913200e+02	9.775000e+04
8.922800e+02	9.714500e+04
8.933000e+02	9.690200e+04
8.942300e+02	9.671900e+04
8.948700e+02	9.648900e+04
8.955000e+02	9.672100e+04
8.964500e+02	9.661000e+04
8.970900e+02	9.611700e+04
8.977600e+02	9.596800e+04
8.987300e+02	9.601700e+04
8.993400e+02	9.628200e+04
9.003000e+02	9.655900e+04
9.009800e+02	9.585300e+04
9.018800e+02	9.614600e+04
9.026100e+02	9.515100e+04
9.033200e+02	9.493500e+04
9.042100e+02	9.520900e+04
9.048700e+02	9.499500e+04
9.055800e+02	9.437300e+04
9.062200e+02	9.399800e+04
9.068300e+02	9.465600e+04
9.077900e+02	9.391700e+04
9.084600e+02	9.373900e+04
9.091000e+02	9.390700e+04
9.097300e+02	9.334800e+04
9.103500e+02	9.328500e+04
9.113300e+02	9.326700e+04
9.120400e+02	9.245800e+04
9.129900e+02	9.300700e+04
9.135800e+02	9.225900e+04
9.148700e+02	9.225400e+04
9.155700e+02	9.157000e+04
9.164600e+02	9.145600e+04
9.170900e+02	9.069000e+04
9.180300e+02	9.119800e+04
9.186700e+02	9.093900e+04
9.196300e+02	9.049000e+04
9.202600e+02	9.066500e+04
9.209800e+02	9.016900e+04
9.220300e+02	8.960400e+04
9.229300e+02	8.985600e+04
9.236700e+02	8.960300e+04
9.248300e+02	8.928100e+04
9.251500e+02	8.891600e+04
9.258000e+02	8.824100e+04
9.264800e+02	8.811500e+04
9.271800e+02	8.793200e+04
9.280500e+02	8.755800e+04
9.289800e+02	8.760800e+04
9.296400e+02	8.664200e+04
9.302800e+02	8.610800e+04
9.312000e+02	8.614600e+04
9.318500e+02	8.622900e+04
9.328200e+02	8.549100e+04
9.338500e+02	8.428000e+04
9.341500e+02	8.395300e+04
9.346800e+02	8.427900e+04
9.352600e+02	8.468500e+04
9.359900e+02	8.415100e+04
9.371100e+02	8.361600e+04
9.377400e+02	8.313900e+04
9.386300e+02	8.262600e+04
9.392600e+02	8.223900e+04
9.402100e+02	8.226900e+04
9.408200e+02	8.169400e+04
9.417100e+02	8.165600e+04
9.426100e+02	8.101200e+04
9.432600e+02	8.080900e+04
9.432600e+02	8.050500e+04
9.449700e+02	7.978600e+04
9.457800e+02	7.972600e+04
9.466600e+02	7.891000e+04
9.472400e+02	7.877500e+04
9.478400e+02	7.837100e+04
9.485400e+02	7.839600e+04
9.496700e+02	7.831800e+04
9.502900e+02	7.800000e+04
9.509000e+02	7.763500e+04
9.518200e+02	7.721100e+04
9.524200e+02	7.695600e+04
9.531400e+02	7.682200e+04
9.540600e+02	7.597600e+04
9.549000e+02	7.553400e+04
9.556300e+02	7.512000e+04
9.562900e+02	7.500900e+04
9.568700e+02	7.483900e+04
9.575800e+02	7.471200e+04
9.585000e+02	7.384600e+04
9.594800e+02	7.397700e+04
9.601100e+02	7.310800e+04
9.610500e+02	7.303800e+04
9.616600e+02	7.219500e+04
9.626200e+02	7.182100e+04
9.632900e+02	7.126200e+04
9.642100e+02	7.042900e+04
9.650600e+02	7.039300e+04
9.657900e+02	7.025700e+04
9.670400e+02	6.949700e+04
9.673800e+02	6.895900e+04
9.680500e+02	6.918500e+04
9.693300e+02	6.846000e+04
9.704900e+02	6.819100e+04
9.711600e+02	6.783800e+04
9.718100e+02	6.740700e+04
9.724700e+02	6.688500e+04
9.733600e+02	6.649900e+04
9.740400e+02	6.650200e+04
9.750000e+02	6.588100e+04
9.758900e+02	6.531100e+04
9.765200e+02	6.496100e+04
9.771400e+02	6.478900e+04
9.777900e+02	6.370200e+04
9.785300e+02	6.404200e+04
9.796100e+02	6.321200e+04
9.802300e+02	6.330700e+04
9.811600e+02	6.213600e+04
9.818300e+02	6.131400e+04
9.827600e+02	6.158800e+04
9.834300e+02	6.102800e+04
9.844700e+02	6.033800e+04
9.853800e+02	5.995700e+04
9.861600e+02	5.938500e+04
9.871800e+02	5.932200e+04
9.874200e+02	5.883000e+04
9.881100e+02	5.830200e+04
9.890800e+02	5.818700e+04
9.897800e+02	5.791800e+04
9.900400e+02	5.755700e+04
9.907600e+02	5.725100e+04
9.913600e+02	5.685800e+04
9.920200e+02	5.648200e+04
9.926100e+02	5.625400e+04
9.933000e+02	5.570000e+04
9.942900e+02	5.573200e+04
9.949400e+02	5.490900e+04
9.956800e+02	5.506000e+04
9.967100e+02	5.432600e+04
9.972900e+02	5.378800e+04
9.979500e+02	5.351000e+04
9.986300e+02	5.300600e+04
9.992600e+02	5.303500e+04
9.995100e+02	5.251800e+04
9.999900e+02	5.269300e+04
1.000000e+03	5.245500e+04
