0.000332	0.000166	0.000166	0.000166	0.000133	0.000398	0.000299	0.000166	0.000166	0.000166	0.000265	0.000265	0.000199	0.000299	0.000199	0.000232	0.000100	0.000166	0.000166	0.000398	0.000498	0.000299	0.000299	0.000199	0.000166	0.000199	0.000199	0.000299	0.000199	0.000398	0.000100	0.000133	0.000199	0.000299	0.000265	0.000332	0.000199	0.000100	0.000166	0.000199	0.000332	0.000166	0.000265	0.000199	0.000299	0.000166	0.000166	0.000199	0.000133	0.000232
0.000166	0.000365	0.000332	0.000199	0.000166	0.000332	0.000133	0.000166	0.000066	0.000199	0.000332	0.000299	0.000232	0.000166	0.000332	0.000166	0.000199	0.000398	0.000100	0.000232	0.000100	0.000199	0.000332	0.000431	0.000232	0.000199	0.000265	0.000332	0.000166	0.000199	0.000133	0.000033	0.000199	0.000332	-0.000000	0.000100	0.000199	0.000232	0.000265	0.000100	0.000199	0.000232	0.000166	0.000199	0.000066	0.000199	0.000232	0.000265	0.000199	0.000299
0.000166	0.000166	0.000133	0.000299	0.000033	0.000365	0.000265	0.000299	0.000100	0.000133	0.000166	0.000498	0.000332	0.000100	0.000232	0.000166	0.000199	0.000166	0.000066	0.000100	0.000166	0.000100	0.000332	0.000531	0.000332	0.000232	0.000299	0.000398	0.000199	0.000199	0.000066	0.000398	0.000133	0.000232	0.000166	0.000199	0.000133	0.000166	0.000199	0.000166	0.000066	0.000133	0.000166	0.000265	0.000100	0.000299	0.000166	0.000332	0.000232	0.000166
-0.000000	0.000133	0.000199	0.000100	0.000498	0.000398	0.000166	0.000199	0.000464	0.000166	0.000199	0.000232	0.000133	0.000133	0.000265	0.000166	0.000299	0.000265	0.000166	0.000166	0.000199	0.000299	0.000431	0.000597	0.000365	0.000365	0.000464	0.000431	0.000166	0.000100	0.000100	0.000265	0.000066	0.000265	0.000232	0.000199	0.000265	0.000332	0.000299	0.000365	0.000265	0.000100	0.000199	0.000199	0.000133	0.000133	0.000199	0.000265	0.000066	0.000100
0.000365	0.000066	0.000199	0.000199	0.000166	0.000299	0.000166	0.000332	0.000265	0.000199	0.000199	0.000199	0.000100	0.000199	0.000166	0.000133	0.000199	0.000232	0.000166	0.000232	0.000265	0.000664	0.000796	0.000896	0.001161	0.001294	0.000863	0.000896	0.000531	0.000265	0.000299	0.000133	0.000265	0.000100	0.000100	0.000398	0.000100	0.000100	0.000398	0.000133	0.000166	0.000133	0.000133	0.000199	0.000199	0.000199	0.000265	0.000232	0.000133	0.000199
0.000133	0.000066	0.000166	0.000299	0.000133	0.000166	0.000166	0.000299	0.000299	0.000199	0.000199	0.000166	0.000199	0.000133	0.000133	0.000066	0.000133	0.000265	0.000265	0.000464	0.000431	0.000796	0.001460	0.002886	0.003318	0.002389	0.002422	0.001261	0.000431	0.000265	0.000299	0.000365	0.000166	0.000232	0.000166	0.000232	0.000133	0.000133	0.000265	0.000133	0.000365	0.000232	0.000100	0.000133	0.000199	0.000398	0.000299	0.000133	0.000199	0.000299
0.000033	0.000199	0.000199	0.000166	0.000066	0.000166	0.000232	0.000232	0.000265	0.000166	0.000166	0.000299	0.000265	0.000199	0.000265	0.000133	0.000265	0.000265	0.000232	0.000332	0.000299	0.001294	0.002687	0.005540	0.012906	0.014631	0.007067	0.002953	0.001095	0.000697	0.000166	0.000464	0.000199	0.000166	0.000332	0.000100	0.000265	0.000133	0.000332	0.000133	0.000332	0.000199	0.000100	0.000100	0.000299	0.000265	0.000133	0.000133	0.000066	0.000265
0.000199	0.000133	0.000100	0.000199	0.000232	0.000232	0.000199	0.000133	0.000166	0.000299	0.000199	0.000133	0.000133	0.000232	0.000133	0.000199	0.000199	0.000265	0.000199	0.000332	0.000464	0.001327	0.004678	0.036195	0.357043	0.439387	0.051257	0.006104	0.001659	0.000464	0.000299	0.000232	0.000166	0.000232	0.000199	0.000133	0.000066	0.000100	0.000166	0.000299	0.000265	0.000232	0.000066	0.000100	0.000232	0.000100	0.000265	0.000299	0.000166	0.000232
0.000265	0.000166	0.000199	0.000265	0.000066	0.000100	0.000133	0.000133	0.000166	0.000299	0.000133	0.000133	0.000265	0.000199	0.000066	0.000066	0.000100	0.000232	0.000299	0.000464	0.000464	0.001559	0.007332	0.218167	1.000000	0.923263	0.089808	0.008195	0.001626	0.000431	0.000464	0.000232	0.000166	0.000199	0.000332	0.000265	0.000265	0.000199	0.000166	0.000199	0.000299	0.000265	0.000299	0.000232	0.000066	0.000265	0.000100	0.000299	0.000232	0.000265
0.000066	0.000232	0.000265	0.000166	0.000265	0.000166	0.000199	0.000100	0.000133	0.000066	0.000166	0.000232	0.000166	0.000232	0.000265	0.000166	0.000100	0.000199	0.000033	0.000166	0.000199	0.001095	0.004777	0.034868	0.083239	0.065026	0.015527	0.003450	0.000929	0.000332	0.000232	0.000199	0.000166	0.000232	0.000133	0.000166	0.000066	0.000033	0.000464	0.000232	0.000133	0.000166	0.000265	0.000133	0.000332	0.000166	0.000166	0.000100	0.000431	0.000265
0.000166	0.000100	0.000299	0.000232	0.000265	0.000398	0.000232	0.000100	0.000166	0.000332	0.000133	0.000133	0.000232	0.000232	0.000199	0.000398	0.000199	0.000166	0.000299	0.000365	0.000199	0.000863	0.001559	0.003716	0.005972	0.004678	0.001991	0.000863	0.000332	0.000199	0.000365	0.000332	0.000166	0.000232	0.000199	0.000166	0.000166	0.000199	0.000199	0.000299	0.000199	0.000133	0.000166	0.000166	0.000133	0.000265	0.000166	0.000265	0.000265	0.000100
0.000100	0.000133	0.000066	0.000199	0.000133	0.000199	0.000232	0.000365	0.000265	0.000166	0.000199	0.000232	0.000133	0.000133	0.000100	0.000265	0.000299	0.000199	0.000265	0.000199	0.000265	0.000265	0.000995	0.001294	0.001360	0.001161	0.000697	0.000265	0.000265	0.000365	0.000199	0.000299	0.000199	0.000166	0.000066	0.000232	0.000133	0.000133	0.000299	0.000133	0.000066	0.000232	0.000100	0.000232	0.000232	0.000100	0.000166	0.000199	0.000332	0.000265
0.000166	0.000166	0.000232	0.000199	0.000199	0.000066	0.000066	0.000133	0.000232	0.000332	0.000133	0.000232	0.000166	0.000232	0.000299	0.000299	0.000199	0.000033	0.000232	0.000265	0.000066	0.000232	0.000365	0.000365	0.000431	0.000531	0.000199	0.000365	0.000265	0.000332	0.000332	0.000265	0.000299	0.000100	0.000232	0.000199	0.000299	0.000232	0.000299	0.000133	0.000265	0.000166	0.000332	0.000265	0.000299	0.000365	0.000365	0.000133	0.000265	0.000332
0.000133	0.000232	0.000265	0.000166	0.000166	0.000199	-0.000000	0.000332	0.000199	0.000199	0.000232	0.000166	0.000100	0.000166	0.000299	0.000166	0.000199	0.000066	0.000232	0.000299	0.000166	0.000299	0.000332	0.001825	0.003517	0.000896	0.000498	0.000199	0.000299	0.000100	0.000166	0.000066	0.000133	0.000199	0.000166	0.000166	0.000199	0.000232	0.000332	0.000332	0.000133	0.000265	0.000166	0.000166	0.000133	0.000133	0.000299	0.000166	0.000166	0.000265
0.000133	0.000133	0.000199	0.000133	0.000166	0.000199	0.000133	0.000265	0.000199	0.000232	0.000199	0.000232	0.000299	0.000265	0.000265	0.000166	0.000166	0.000299	0.000232	0.000232	0.000365	0.000232	0.000498	0.010583	0.020072	0.003616	0.000531	0.000265	0.000133	0.000431	0.000365	0.000265	0.000332	0.000232	0.000265	0.000199	0.000100	0.000166	0.000265	0.000232	0.000166	0.000066	0.000100	0.000299	0.000066	0.000166	0.000133	0.000133	0.000232	0.000166
0.000133	0.000066	0.000133	0.000100	0.000166	0.000133	0.000199	0.000100	0.000100	0.000365	0.000166	0.000066	0.000398	0.000133	0.000365	0.000365	0.000332	0.000199	0.000232	0.000166	0.000365	0.000199	0.000232	0.000763	0.000730	0.000464	0.000166	0.000332	0.000431	0.000100	0.000299	0.000398	0.000199	0.000199	0.000232	0.000199	0.000232	0.000199	0.000133	0.000166	0.000166	0.000265	0.000232	0.000232	0.000166	0.000232	0.000133	0.000199	0.000265	0.000100
0.000133	0.000066	0.000299	0.000166	0.000166	0.000166	0.000365	0.000166	0.000299	0.000265	0.000166	0.000100	0.000199	0.000133	0.000100	0.000332	0.000199	0.000166	0.000199	0.000299	0.000232	0.000232	0.000100	0.000199	0.000299	0.000265	0.000531	0.000166	0.000166	0.000166	0.000199	0.000166	0.000299	0.000332	0.000398	0.000232	0.000199	0.000265	0.000199	0.000133	0.000166	0.000166	0.000166	0.000199	0.000299	0.000299	0.000133	0.000133	0.000232	0.000166
0.000199	0.000299	0.000166	0.000332	0.000100	0.000398	0.000265	0.000199	0.000199	0.000100	0.000100	0.000199	0.000199	0.000265	0.000166	0.000100	0.000265	0.000199	0.000100	0.000066	0.000166	0.000166	0.000199	0.000232	0.000332	0.000265	0.000265	0.000133	0.000232	0.000199	0.000299	0.000265	0.000166	0.000365	0.000100	0.000365	0.000365	0.000232	0.000232	0.000133	0.000033	0.000133	0.000100	0.000133	0.000265	0.000133	0.000133	0.000332	0.000033	0.000133
0.000232	0.000100	0.000133	0.000265	0.000265	0.000100	0.000332	0.000166	0.000133	0.000299	0.000232	0.000265	0.000265	0.000299	0.000265	0.000265	0.000199	0.000265	0.000332	0.000332	0.000232	0.000332	-0.000000	0.000232	0.000232	0.000199	0.000133	0.000232	0.000332	0.000199	0.000133	0.000232	0.000232	0.000133	0.000265	0.000332	0.000265	0.000232	0.000265	0.000332	0.000100	0.000232	0.000265	0.000199	0.000166	0.000166	0.000166	0.000166	0.000232	0.000100
0.000166	0.000265	0.000100	0.000265	0.000332	0.000166	0.000265	0.000199	0.000166	0.000265	0.000166	0.000265	0.000166	0.000199	0.000100	0.000199	0.000066	0.000100	0.000166	0.000066	0.000199	0.000199	0.000133	0.000431	0.000133	0.000299	0.000299	0.000332	0.000299	0.000133	0.000232	0.000133	0.000199	0.000166	0.000265	0.000265	0.000299	0.000166	0.000332	0.000365	0.000166	0.000232	0.000166	0.000398	0.000100	0.000232	0.000066	0.000166	0.000166	0.000199
0.000299	0.000133	0.000166	0.000398	0.000299	0.000464	0.000299	0.000431	0.000232	0.000299	0.000133	0.000033	0.000166	0.000232	0.000066	0.000199	0.000232	0.000199	0.000199	0.000100	0.000133	0.000299	0.000564	0.000929	0.000597	0.000464	0.000498	0.000265	0.000133	0.000365	0.000199	0.000066	0.000100	0.000100	0.000100	0.000166	0.000166	0.000133	0.000066	0.000166	0.000199	0.000299	0.000398	0.000332	0.000066	0.000199	0.000265	0.000265	0.000199	0.000332
0.000464	0.000398	0.000199	0.000697	0.000896	0.001095	0.000796	0.000863	0.000962	0.000365	0.000166	0.000066	0.000199	0.000066	0.000066	0.000199	0.000299	0.000299	0.000133	0.000199	0.000133	0.001493	0.008394	0.015327	0.011545	0.002986	0.000929	0.000232	0.000365	0.000166	0.000232	0.000299	0.000199	0.000265	0.000232	0.000199	0.000232	0.000265	0.000100	0.000232	0.000100	0.000232	0.000464	0.000332	0.000066	0.000066	0.000133	0.000166	0.000398	0.000133
0.000066	0.000166	0.000199	0.002156	0.004744	0.004048	0.028830	0.042864	0.005972	0.001194	0.000365	0.000133	0.000199	0.000199	0.000232	0.000199	0.000299	0.000066	0.000133	0.000332	0.000332	0.002024	0.006237	0.005308	0.017948	0.023058	0.002920	0.000730	0.000265	0.000199	0.000299	0.000265	0.000199	0.000232	0.000166	0.000100	0.000232	0.000232	0.000365	0.000664	0.000398	0.000431	0.000531	0.000299	0.000232	0.000265	0.000398	0.000199	0.000100	0.000398
0.000133	0.000166	0.000299	0.002521	0.005540	0.006138	0.123316	0.179185	0.019640	0.001062	0.000531	0.000299	0.000133	0.000265	0.000100	0.000232	0.000232	0.000232	0.000265	0.000332	0.000597	0.000962	0.001128	0.001858	0.003450	0.002687	0.001393	0.000531	0.000199	0.000332	0.000199	0.000166	0.000199	0.000133	0.000265	0.000398	0.000332	0.000299	0.000299	0.000664	0.000564	0.000829	0.000929	0.001095	0.000664	0.000431	0.000697	0.000265	0.000199	0.000066
0.000232	0.000133	0.000299	0.000863	0.001393	0.002555	0.015394	0.020669	0.004578	0.000697	0.000564	0.000332	0.000166	0.000100	0.000265	0.000265	0.000066	0.000100	0.000299	0.000630	0.000630	0.001460	0.004313	0.011612	0.008991	0.003218	0.001592	0.000464	0.000332	0.000299	0.000100	0.000199	0.000299	0.000265	0.000166	0.000100	0.000100	0.000299	0.000531	0.000464	0.001626	0.001659	0.002356	0.002389	0.001891	0.000498	0.000630	0.000398	0.000199	0.000066
0.000100	0.000232	0.000431	0.000166	0.000398	0.000232	0.001161	0.000829	0.000730	0.000398	0.000365	0.000265	0.000100	0.000232	0.000232	0.000299	0.000199	0.000265	0.000398	0.000630	0.000929	0.007266	0.116515	0.440482	0.316933	0.019043	0.002156	0.000763	0.000365	0.000365	0.000299	0.000133	0.000365	0.000299	0.000166	0.000100	0.000199	0.000564	0.000829	0.001228	0.002886	0.009223	0.018346	0.012906	0.003948	0.001228	0.000464	0.000398	0.000232	0.000166
0.000199	0.000166	0.000133	0.000166	0.000066	0.000365	0.000464	0.000498	0.000199	0.000299	0.000265	0.000166	0.000199	0.000100	0.000232	0.000299	0.000133	0.000133	0.000166	0.000464	0.001725	0.033375	0.361588	0.794108	0.475151	0.035001	0.002820	0.000796	0.000398	0.000332	0.000265	0.000332	0.000166	0.000431	0.000100	0.000166	0.000166	0.000431	0.000962	0.002024	0.016588	0.293809	0.599429	0.232699	0.014034	0.002754	0.000863	0.000498	0.000166	0.000166
0.000299	0.000199	0.000232	0.000464	0.000763	0.002621	0.003616	0.001128	0.000431	0.000199	0.000299	0.000166	0.000100	0.000166	0.000232	0.000166	0.000199	0.000133	0.000199	0.000332	0.001028	0.009787	0.034835	0.046215	0.024816	0.005607	0.001858	0.000365	0.000365	0.000265	0.000464	0.000265	0.000232	0.000365	0.000265	0.000265	0.000265	0.000398	0.000929	0.003815	0.040840	0.608221	0.967255	0.298222	0.021133	0.002555	0.000796	0.000664	0.000365	0.000232
0.000166	0.000066	0.000133	0.000332	0.000929	0.014730	0.019242	0.001725	0.000265	0.000133	0.000265	0.000066	0.000332	0.000133	0.000332	0.000166	0.000166	0.000232	0.000166	0.000199	0.000697	0.001360	0.002986	0.003583	0.002654	0.000763	0.000697	0.000332	0.000332	0.000265	0.000199	0.000332	0.000133	0.000133	0.000100	0.000232	0.000265	0.000332	0.000763	0.002256	0.013702	0.054475	0.072092	0.028100	0.005341	0.001692	0.000664	0.000232	0.000332	0.000199
0.000066	0.000299	0.000199	0.000332	0.001128	0.001128	0.000995	0.000498	0.000199	0.000265	0.000166	0.000166	0.000066	0.000265	0.000265	0.000199	0.000232	0.000133	0.000133	0.000199	0.000299	0.000564	0.000796	0.000763	0.000464	0.000531	0.000332	0.000299	0.000100	0.000133	0.000133	0.000166	0.000166	0.000265	0.000232	0.000299	0.000133	0.000365	0.000464	0.001360	0.002090	0.005507	0.027437	0.026375	0.003218	0.000796	0.000630	0.000265	0.000166	0.000100
0.000166	0.000199	0.000166	0.000066	0.000199	0.000265	0.000498	0.000299	0.000398	0.000100	0.000232	0.000332	0.000199	0.000299	0.000464	0.000166	0.000232	0.000199	0.000133	0.000232	0.000299	0.000332	0.000133	0.000332	0.000265	0.000066	0.000232	0.000232	0.000066	0.000365	0.000100	0.000133	0.000365	0.000332	0.000299	0.000265	0.000199	0.000464	0.000299	0.000398	0.000962	0.003981	0.051722	0.056035	0.004280	0.000863	0.000199	0.000133	0.000398	0.000232
0.000066	0.000232	0.000265	0.000166	0.000133	0.000133	0.000100	0.000232	0.000365	0.000166	0.000133	0.000265	0.000199	0.000299	0.000232	0.000299	0.000166	0.000166	0.000033	0.000166	0.000166	0.000199	0.000365	0.000232	0.000100	0.000398	0.000166	0.000133	0.000299	0.000199	0.000299	0.000265	0.000199	0.000299	0.000033	0.000133	0.000332	0.000166	0.000232	0.000166	0.000597	0.001228	0.002289	0.001891	0.000863	0.000232	0.000332	0.000166	0.000166	0.000133
0.000199	0.000232	0.000232	0.000100	0.000199	0.000166	0.000299	0.000199	0.000265	0.000100	0.000265	0.000332	0.000166	0.000199	0.000166	0.000100	0.000232	0.000332	0.000199	0.000265	0.000199	0.000199	0.000100	0.000199	0.000100	0.000265	0.000199	0.000199	0.000100	0.000299	0.000365	0.000199	0.000199	0.000199	0.000133	0.000265	0.000133	0.000066	0.000365	0.000100	0.000133	0.000332	0.000597	0.000464	0.000464	0.000166	0.000232	0.000299	0.000299	0.000232
0.000133	0.000232	0.000133	0.000066	0.000166	0.000100	0.000299	0.000133	0.000199	0.000066	0.000232	0.000133	0.000100	0.000166	0.000199	0.000199	0.000199	0.000299	0.000332	0.000232	0.000232	0.000166	0.000332	0.000100	0.000299	0.000033	0.000232	0.000133	0.000199	0.000232	0.000133	0.000033	-0.000000	0.000332	0.000166	0.000100	0.000232	0.000133	0.000299	0.000166	0.000199	0.000166	0.000265	0.000299	0.000066	0.000166	0.000166	0.000265	0.000199	0.000166
0.000265	0.000166	0.000232	0.000166	0.000133	0.000166	0.000133	0.000265	0.000100	0.000299	0.000100	0.000166	0.000332	0.000166	0.000398	0.000133	0.000166	0.000166	0.000100	0.000265	0.000232	0.000232	0.000066	0.000199	0.000265	0.000232	0.000166	0.000299	0.000133	0.000199	0.000100	0.000166	0.000232	0.000299	0.000232	0.000299	0.000232	0.000133	0.000232	0.000199	0.000199	0.000265	0.000299	0.000199	0.000332	0.000332	0.000232	0.000265	0.000332	0.000066
0.000166	0.000166	0.000133	0.000133	0.000166	0.000232	0.000265	0.000299	0.000033	0.000166	0.000100	0.000232	0.000133	0.000033	0.000199	0.000332	0.000166	0.000365	0.000398	0.000232	0.000199	0.000100	0.000133	0.000265	0.000166	0.000133	0.000133	0.000133	0.000133	0.000299	0.000265	0.000398	0.000232	0.000133	0.000265	0.000232	0.000232	0.000166	0.000265	0.000166	0.000133	0.000232	0.000100	0.000033	0.000232	0.000265	0.000166	0.000166	0.000232	0.000100
0.000299	0.000133	0.000265	0.000199	0.000265	0.000199	0.000365	0.000265	0.000166	0.000199	0.000199	0.000033	0.000431	0.000100	0.000033	0.000066	0.000232	0.000100	0.000199	0.000232	0.000299	0.000232	0.000199	0.000398	0.000100	0.000199	0.000299	0.000133	0.000066	0.000199	0.000199	0.000299	0.000232	0.000133	0.000133	0.000166	0.000033	0.000100	0.000199	0.000199	0.000066	0.000199	0.000133	0.000232	0.000365	0.000232	0.000199	0.000166	0.000199	0.000232
0.000033	0.000199	0.000133	0.000265	0.000166	0.000100	0.000133	0.000232	0.000166	0.000133	0.000100	0.000365	0.000265	0.000199	0.000365	0.000166	0.000299	0.000199	0.000100	0.000100	0.000332	0.000199	0.000265	0.000332	0.000265	0.000232	0.000166	0.000133	0.000199	0.000066	0.000232	0.000100	0.000166	0.000133	0.000365	0.000199	0.000199	0.000100	0.000100	0.000199	0.000133	0.000166	0.000232	0.000033	0.000265	0.000100	0.000166	0.000232	0.000133	0.000133
0.000133	0.000066	0.000199	0.000166	0.000133	0.000332	0.000166	-0.000000	0.000133	0.000100	0.000232	0.000199	0.000166	0.000232	0.000299	0.000100	0.000265	0.000066	0.000232	0.000232	0.000332	0.000332	0.000464	0.000199	0.000265	0.000265	0.000166	0.000100	0.000265	0.000332	0.000232	0.000100	0.000265	0.000133	0.000133	0.000332	0.000199	0.000100	0.000199	0.000232	0.000166	0.000265	0.000166	0.000365	0.000199	0.000133	0.000199	0.000199	0.000133	0.000133
0.000265	0.000265	0.000232	0.000100	0.000265	0.000066	0.000133	0.000100	0.000299	0.000166	0.000166	0.000232	0.000166	0.000232	0.000166	0.000265	0.000133	0.000232	0.000100	0.000166	0.000431	0.000365	0.000464	0.000730	0.000365	0.000398	0.000332	0.000265	0.000166	0.000133	0.000066	0.000066	0.000166	0.000199	0.000100	0.000166	0.000365	0.000166	0.000431	0.000299	0.000265	0.000332	0.000398	0.000299	0.000232	0.000299	0.000265	0.000199	0.000232	0.000199
0.000199	0.000133	0.000133	0.000199	0.000166	0.000199	0.000398	0.000066	0.000166	0.000199	0.000166	0.000199	0.000431	0.000265	0.000166	0.000199	0.000100	0.000100	0.000431	0.000299	0.000498	0.001957	0.006038	0.006436	0.001559	0.000863	0.000299	0.000398	0.000299	0.000299	0.000265	0.000166	0.000133	0.000133	0.000431	0.000299	0.000332	0.000166	0.000199	0.000133	0.000332	0.000498	0.000299	0.000199	0.000166	0.000299	0.000332	0.000299	0.000133	0.000232
0.000232	0.000265	0.000332	0.000398	0.000100	0.000100	0.000232	0.000232	0.000199	0.000332	0.000033	0.000166	0.000265	0.000100	0.000199	0.000199	0.000100	0.000133	0.000265	0.000365	0.000697	0.018446	0.152445	0.151981	0.010152	0.000995	0.000265	0.000133	0.000332	0.000365	0.000265	0.000100	0.000100	0.000299	0.000133	0.000133	0.000100	0.000133	0.000199	0.000199	0.000431	0.000464	0.000265	0.000265	0.000166	0.000299	0.000365	0.000133	0.000232	0.000232
0.000232	0.000365	0.000199	0.000232	0.000199	0.000133	0.000265	0.000365	0.000100	0.000066	0.000232	0.000299	0.000199	0.000166	0.000299	0.000166	0.000232	0.000232	0.000166	0.000531	0.001659	0.021166	0.132274	0.128326	0.011579	0.001294	0.000332	0.000365	0.000299	0.000299	0.000133	0.000100	0.000133	0.000232	0.000166	0.000199	0.000232	0.000166	0.000100	0.000066	0.000332	0.000199	0.000133	0.000166	0.000166	0.000265	0.000199	0.000199	0.000299	0.000133
0.000265	0.000232	0.000133	0.000265	0.000232	0.000199	0.000133	0.000166	0.000265	0.000133	0.000166	0.000166	0.000100	0.000133	0.000100	0.000265	-0.000000	0.000100	0.000431	0.000531	0.000597	0.003284	0.007133	0.006602	0.002090	0.000299	0.000199	0.000332	0.000332	0.000232	0.000199	0.000365	0.000232	0.000299	0.000166	0.000066	0.000133	0.000232	0.000033	0.000100	0.000199	0.000199	0.000166	0.000133	0.000133	0.000199	0.000100	0.000133	0.000199	0.000232
0.000199	0.000232	0.000199	0.000166	0.000232	0.000299	0.000265	0.000066	0.000299	0.000066	0.000232	0.000332	0.000299	0.000232	0.000100	0.000133	0.000133	0.000199	0.000265	0.000199	0.000199	0.000730	0.000796	0.000597	0.000498	0.000265	0.000199	0.000166	0.000199	0.000232	0.000431	0.000100	0.000166	0.000299	0.000232	0.000232	0.000033	0.000398	0.000332	0.000199	0.000100	0.000299	0.000100	0.000332	0.000232	0.000199	0.000265	0.000033	0.000166	0.000332
0.000100	0.000066	0.000166	0.000100	0.000199	0.000166	0.000365	0.000133	0.000066	0.000100	0.000133	0.000265	0.000332	0.000199	0.000265	0.000199	0.000365	0.000066	0.000133	0.000199	0.000166	0.000199	0.000166	0.000265	0.000299	0.000199	0.000166	0.000133	0.000199	0.000100	0.000133	0.000232	0.000265	0.000398	0.000133	0.000166	0.000166	0.000100	0.000066	0.000299	0.000033	0.000265	0.000166	0.000166	0.000232	0.000100	0.000133	0.000199	0.000299	0.000199
0.000100	0.000365	0.000232	0.000199	0.000133	0.000166	0.000199	0.000232	0.000265	0.000199	0.000199	0.000265	0.000133	0.000066	0.000265	0.000265	0.000199	0.000033	0.000199	0.000199	0.000133	0.000133	0.000232	0.000332	0.000166	0.000100	0.000299	0.000100	0.000133	0.000133	0.000265	0.000066	0.000199	0.000166	0.000166	0.000199	0.000133	0.000232	0.000332	0.000332	0.000299	0.000398	0.000265	0.000299	0.000166	0.000498	0.000299	0.000199	0.000431	0.000232
0.000100	0.000166	0.000133	0.000232	0.000265	0.000299	0.000199	0.000332	0.000133	0.000166	0.000100	0.000066	0.000265	0.000199	0.000166	0.000265	0.000265	0.000066	0.000066	0.000100	0.000133	0.000199	0.000265	0.000265	0.000166	0.000166	0.000166	0.000166	0.000133	0.000033	0.000166	0.000265	0.000299	0.000199	0.000232	0.000199	0.000166	0.000232	0.000232	0.000199	0.000133	0.000232	0.000133	0.000232	0.000199	0.000166	0.000166	0.000232	0.000100	0.000133
0.000133	0.000133	0.000033	0.000232	0.000133	0.000166	0.000232	0.000199	0.000100	0.000232	0.000166	0.000332	0.000133	0.000133	0.000066	0.000199	0.000133	0.000232	0.000133	0.000199	0.000299	0.000299	0.000464	0.000066	0.000133	0.000066	0.000299	0.000265	0.000232	0.000100	0.000232	0.000100	0.000232	0.000232	0.000100	0.000166	0.000265	0.000166	0.000166	0.000299	0.000100	0.000166	0.000332	0.000166	0.000066	0.000066	0.000166	0.000066	0.000332	0.000232
