# Shape: 1 100 75
# comment: SiC скан
# name: 3D scan
# metadata: {'created': '2026-05-08T13_04_30', 'description': '3D scan'}
# parameters: {'x1': 6369, 'y1': 15676, 'z1': 0, 'x2': 57587, 'y2': 54118, 'z2': 0, 'step_x': 512, 'step_y': 512, 'step_z': 1024, 'accum_time': 50, 'Np_x': 100, 'Np_y': 75, 'Np_z': 1, 'Np_slice': 7500, 'Np_total': 7500}
# units: {'cord': 'LSB', 'accum_time_ms': 'ms'}
# === DATA START ===
# Layer 0
4.680000e+02	5.040000e+02	5.430000e+02	4.820000e+02	4.480000e+02	5.340000e+02	4.670000e+02	5.150000e+02	4.980000e+02	4.840000e+02	5.040000e+02	5.710000e+02	4.840000e+02	5.900000e+02	5.280000e+02	5.330000e+02	6.170000e+02	5.810000e+02	5.940000e+02	5.900000e+02	6.980000e+02	6.870000e+02	6.800000e+02	6.880000e+02	7.250000e+02	6.380000e+02	6.970000e+02	5.880000e+02	6.110000e+02	6.580000e+02	6.270000e+02	6.610000e+02	6.410000e+02	6.330000e+02	6.200000e+02	6.540000e+02	5.740000e+02	6.360000e+02	6.660000e+02	6.280000e+02	5.640000e+02	6.430000e+02	5.850000e+02	6.260000e+02	5.060000e+02	6.790000e+02	6.510000e+02	7.090000e+02	6.550000e+02	6.430000e+02	6.530000e+02	6.370000e+02	6.070000e+02	6.180000e+02	5.900000e+02	6.260000e+02	6.670000e+02	6.190000e+02	6.650000e+02	5.840000e+02	5.660000e+02	5.800000e+02	6.160000e+02	7.050000e+02	6.110000e+02	6.660000e+02	6.190000e+02	6.270000e+02	6.020000e+02	5.830000e+02	6.320000e+02	6.310000e+02	6.040000e+02	5.710000e+02	5.430000e+02
4.140000e+02	4.920000e+02	4.830000e+02	4.830000e+02	4.690000e+02	5.330000e+02	5.110000e+02	4.930000e+02	4.630000e+02	5.460000e+02	5.180000e+02	5.660000e+02	5.730000e+02	5.440000e+02	6.030000e+02	5.610000e+02	6.240000e+02	5.280000e+02	5.570000e+02	6.360000e+02	6.560000e+02	6.860000e+02	7.170000e+02	6.770000e+02	7.480000e+02	6.820000e+02	6.670000e+02	6.050000e+02	6.590000e+02	6.600000e+02	6.380000e+02	7.050000e+02	6.320000e+02	6.370000e+02	6.660000e+02	6.210000e+02	6.150000e+02	6.470000e+02	6.860000e+02	6.420000e+02	6.180000e+02	6.280000e+02	5.900000e+02	5.750000e+02	6.560000e+02	5.880000e+02	5.710000e+02	6.250000e+02	5.890000e+02	6.070000e+02	6.560000e+02	6.110000e+02	5.930000e+02	6.130000e+02	6.670000e+02	6.430000e+02	6.300000e+02	6.310000e+02	5.930000e+02	6.080000e+02	6.170000e+02	6.660000e+02	6.200000e+02	5.670000e+02	6.400000e+02	6.250000e+02	6.500000e+02	6.860000e+02	6.340000e+02	5.830000e+02	6.240000e+02	5.360000e+02	5.540000e+02	6.200000e+02	6.450000e+02
4.680000e+02	4.870000e+02	4.980000e+02	4.970000e+02	4.960000e+02	4.880000e+02	4.770000e+02	4.790000e+02	5.000000e+02	5.400000e+02	5.050000e+02	5.080000e+02	5.210000e+02	5.400000e+02	5.250000e+02	5.740000e+02	5.590000e+02	5.800000e+02	5.950000e+02	6.060000e+02	6.100000e+02	6.660000e+02	6.340000e+02	7.160000e+02	7.810000e+02	8.360000e+02	7.890000e+02	7.710000e+02	6.400000e+02	6.590000e+02	6.900000e+02	6.970000e+02	6.780000e+02	6.530000e+02	6.990000e+02	6.420000e+02	6.490000e+02	6.750000e+02	6.780000e+02	5.960000e+02	6.770000e+02	6.790000e+02	6.140000e+02	5.880000e+02	6.370000e+02	6.530000e+02	6.060000e+02	6.000000e+02	6.620000e+02	6.060000e+02	6.360000e+02	5.810000e+02	5.740000e+02	6.210000e+02	6.190000e+02	6.930000e+02	5.800000e+02	6.470000e+02	5.780000e+02	5.820000e+02	6.190000e+02	7.050000e+02	5.990000e+02	6.120000e+02	6.550000e+02	6.200000e+02	6.160000e+02	6.100000e+02	6.070000e+02	5.730000e+02	6.120000e+02	5.840000e+02	6.090000e+02	5.500000e+02	5.550000e+02
4.350000e+02	5.120000e+02	5.210000e+02	5.020000e+02	5.020000e+02	4.800000e+02	5.190000e+02	4.770000e+02	4.660000e+02	4.990000e+02	5.430000e+02	4.990000e+02	5.310000e+02	6.010000e+02	5.520000e+02	6.160000e+02	5.190000e+02	6.420000e+02	5.920000e+02	6.460000e+02	6.110000e+02	6.550000e+02	6.270000e+02	6.890000e+02	7.460000e+02	8.070000e+02	9.690000e+02	9.090000e+02	7.470000e+02	7.190000e+02	7.130000e+02	7.150000e+02	7.200000e+02	7.020000e+02	6.790000e+02	6.410000e+02	6.040000e+02	6.740000e+02	6.600000e+02	6.510000e+02	6.130000e+02	6.670000e+02	6.470000e+02	6.300000e+02	6.450000e+02	6.630000e+02	6.260000e+02	6.260000e+02	5.950000e+02	6.140000e+02	5.800000e+02	6.250000e+02	6.040000e+02	5.890000e+02	5.790000e+02	6.160000e+02	6.530000e+02	6.260000e+02	6.360000e+02	6.110000e+02	5.550000e+02	6.030000e+02	5.790000e+02	6.170000e+02	6.130000e+02	6.010000e+02	6.410000e+02	6.010000e+02	6.570000e+02	5.410000e+02	6.320000e+02	6.000000e+02	6.140000e+02	6.460000e+02	5.400000e+02
4.760000e+02	5.240000e+02	4.850000e+02	4.720000e+02	5.380000e+02	5.350000e+02	5.250000e+02	5.120000e+02	4.760000e+02	4.980000e+02	5.370000e+02	5.230000e+02	5.130000e+02	5.750000e+02	5.610000e+02	5.320000e+02	5.650000e+02	6.050000e+02	5.770000e+02	5.840000e+02	6.080000e+02	6.650000e+02	6.410000e+02	6.450000e+02	7.030000e+02	7.620000e+02	6.400000e+02	8.810000e+02	9.020000e+02	7.470000e+02	7.970000e+02	7.200000e+02	7.070000e+02	6.510000e+02	6.590000e+02	6.690000e+02	6.330000e+02	6.830000e+02	6.960000e+02	6.320000e+02	6.810000e+02	6.330000e+02	6.500000e+02	6.110000e+02	6.580000e+02	6.120000e+02	6.100000e+02	5.890000e+02	6.440000e+02	6.570000e+02	6.050000e+02	6.320000e+02	5.860000e+02	6.240000e+02	6.190000e+02	6.360000e+02	6.580000e+02	6.310000e+02	5.830000e+02	6.450000e+02	5.720000e+02	6.330000e+02	5.590000e+02	5.860000e+02	6.260000e+02	6.090000e+02	5.970000e+02	5.940000e+02	5.900000e+02	6.090000e+02	5.660000e+02	5.780000e+02	5.790000e+02	5.880000e+02	5.720000e+02
4.750000e+02	4.660000e+02	5.050000e+02	4.650000e+02	5.080000e+02	5.180000e+02	4.870000e+02	5.360000e+02	5.000000e+02	5.020000e+02	5.170000e+02	5.600000e+02	5.500000e+02	5.880000e+02	5.630000e+02	5.340000e+02	5.630000e+02	5.800000e+02	5.710000e+02	5.900000e+02	5.960000e+02	6.780000e+02	6.010000e+02	5.860000e+02	6.900000e+02	1.030000e+03	7.970000e+02	1.727000e+03	1.300000e+03	8.600000e+02	8.360000e+02	7.790000e+02	7.200000e+02	7.220000e+02	6.810000e+02	6.730000e+02	6.950000e+02	6.190000e+02	6.700000e+02	6.430000e+02	6.570000e+02	6.770000e+02	6.220000e+02	6.110000e+02	5.720000e+02	6.350000e+02	5.880000e+02	5.920000e+02	6.950000e+02	6.000000e+02	6.420000e+02	5.540000e+02	6.460000e+02	6.280000e+02	6.410000e+02	6.580000e+02	6.440000e+02	6.100000e+02	5.860000e+02	6.750000e+02	5.650000e+02	6.020000e+02	6.200000e+02	7.090000e+02	6.400000e+02	5.950000e+02	6.330000e+02	6.380000e+02	6.280000e+02	6.670000e+02	5.990000e+02	5.940000e+02	6.310000e+02	5.890000e+02	5.690000e+02
4.850000e+02	4.830000e+02	4.900000e+02	5.000000e+02	5.000000e+02	4.710000e+02	5.100000e+02	5.140000e+02	4.970000e+02	5.060000e+02	5.070000e+02	5.430000e+02	5.510000e+02	5.670000e+02	5.370000e+02	5.380000e+02	5.690000e+02	5.650000e+02	6.100000e+02	5.590000e+02	6.550000e+02	5.860000e+02	6.880000e+02	6.210000e+02	6.390000e+02	8.730000e+02	1.327000e+03	1.477000e+03	1.403000e+03	6.650000e+02	8.240000e+02	8.500000e+02	8.130000e+02	6.690000e+02	7.010000e+02	7.540000e+02	6.550000e+02	6.780000e+02	6.560000e+02	6.470000e+02	6.630000e+02	6.330000e+02	6.040000e+02	6.070000e+02	6.750000e+02	6.130000e+02	6.030000e+02	6.530000e+02	5.820000e+02	6.240000e+02	6.100000e+02	6.120000e+02	5.590000e+02	6.080000e+02	5.460000e+02	6.640000e+02	5.830000e+02	6.360000e+02	6.840000e+02	5.690000e+02	6.450000e+02	6.000000e+02	6.270000e+02	6.240000e+02	6.600000e+02	5.660000e+02	5.880000e+02	6.740000e+02	6.260000e+02	6.120000e+02	5.250000e+02	5.910000e+02	6.490000e+02	5.980000e+02	5.880000e+02
4.930000e+02	5.270000e+02	5.140000e+02	4.700000e+02	4.620000e+02	5.170000e+02	4.680000e+02	5.200000e+02	4.640000e+02	5.290000e+02	5.450000e+02	5.850000e+02	5.450000e+02	5.810000e+02	5.300000e+02	5.830000e+02	5.880000e+02	5.100000e+02	6.030000e+02	5.730000e+02	6.100000e+02	5.950000e+02	6.520000e+02	6.440000e+02	6.520000e+02	1.064000e+03	1.760000e+03	1.066000e+03	2.475000e+03	1.152000e+03	1.035000e+03	1.064000e+03	8.600000e+02	7.320000e+02	6.930000e+02	7.510000e+02	6.480000e+02	6.820000e+02	6.500000e+02	6.340000e+02	6.560000e+02	6.720000e+02	6.260000e+02	6.570000e+02	6.980000e+02	6.560000e+02	6.260000e+02	5.990000e+02	6.650000e+02	6.160000e+02	6.220000e+02	5.810000e+02	5.880000e+02	5.760000e+02	6.630000e+02	5.810000e+02	6.520000e+02	6.050000e+02	6.540000e+02	6.090000e+02	5.460000e+02	5.780000e+02	6.460000e+02	6.150000e+02	6.330000e+02	6.270000e+02	5.640000e+02	6.010000e+02	6.460000e+02	5.570000e+02	5.910000e+02	5.940000e+02	5.850000e+02	6.370000e+02	5.720000e+02
4.610000e+02	4.860000e+02	4.850000e+02	4.630000e+02	5.340000e+02	4.970000e+02	4.760000e+02	5.040000e+02	4.710000e+02	5.200000e+02	5.220000e+02	5.500000e+02	5.900000e+02	6.200000e+02	6.160000e+02	5.530000e+02	5.590000e+02	5.830000e+02	5.640000e+02	5.880000e+02	6.650000e+02	5.790000e+02	5.700000e+02	7.520000e+02	7.660000e+02	1.260000e+03	3.330000e+03	2.844000e+03	9.130000e+02	1.154000e+03	6.790000e+02	9.820000e+02	8.220000e+02	7.680000e+02	7.860000e+02	7.090000e+02	7.340000e+02	7.020000e+02	7.620000e+02	6.710000e+02	6.470000e+02	7.100000e+02	6.250000e+02	6.770000e+02	6.370000e+02	6.530000e+02	6.490000e+02	6.360000e+02	6.210000e+02	6.320000e+02	6.190000e+02	5.890000e+02	6.460000e+02	5.760000e+02	6.250000e+02	6.240000e+02	5.950000e+02	6.260000e+02	6.840000e+02	6.090000e+02	6.110000e+02	5.760000e+02	6.330000e+02	5.750000e+02	6.920000e+02	6.240000e+02	6.070000e+02	6.670000e+02	6.190000e+02	5.410000e+02	6.100000e+02	5.970000e+02	5.860000e+02	5.450000e+02	6.410000e+02
4.780000e+02	5.280000e+02	4.820000e+02	5.370000e+02	4.900000e+02	5.200000e+02	5.090000e+02	4.820000e+02	5.260000e+02	4.710000e+02	5.860000e+02	5.750000e+02	5.760000e+02	5.930000e+02	5.620000e+02	4.520000e+02	6.370000e+02	6.110000e+02	5.940000e+02	5.880000e+02	5.990000e+02	6.230000e+02	6.450000e+02	6.840000e+02	7.420000e+02	9.200000e+02	3.504000e+03	3.849000e+03	9.550000e+02	7.800000e+02	6.360000e+02	7.510000e+02	8.240000e+02	7.980000e+02	8.300000e+02	7.380000e+02	7.090000e+02	7.290000e+02	7.360000e+02	6.960000e+02	6.500000e+02	7.030000e+02	6.740000e+02	6.800000e+02	6.560000e+02	6.730000e+02	6.770000e+02	6.350000e+02	6.290000e+02	5.970000e+02	6.280000e+02	6.300000e+02	5.390000e+02	6.190000e+02	5.940000e+02	6.110000e+02	6.000000e+02	6.320000e+02	6.040000e+02	6.230000e+02	6.520000e+02	5.550000e+02	5.960000e+02	6.590000e+02	6.460000e+02	5.580000e+02	5.990000e+02	6.490000e+02	5.340000e+02	6.140000e+02	6.260000e+02	6.450000e+02	6.030000e+02	6.140000e+02	5.580000e+02
5.080000e+02	4.920000e+02	4.450000e+02	4.690000e+02	5.380000e+02	5.160000e+02	4.690000e+02	5.240000e+02	4.530000e+02	5.510000e+02	5.650000e+02	5.310000e+02	5.720000e+02	5.670000e+02	4.970000e+02	5.870000e+02	5.180000e+02	5.740000e+02	6.070000e+02	6.100000e+02	6.180000e+02	6.090000e+02	6.560000e+02	6.940000e+02	7.110000e+02	1.178000e+03	2.725000e+03	4.152000e+03	3.339000e+03	3.809000e+03	9.200000e+02	3.000000e+03	1.274000e+03	1.190000e+03	9.150000e+02	7.980000e+02	7.700000e+02	7.250000e+02	7.540000e+02	7.260000e+02	7.250000e+02	6.330000e+02	6.840000e+02	6.400000e+02	6.630000e+02	6.480000e+02	6.730000e+02	6.170000e+02	6.340000e+02	5.960000e+02	5.940000e+02	6.200000e+02	5.900000e+02	6.320000e+02	5.980000e+02	6.080000e+02	6.520000e+02	6.310000e+02	6.450000e+02	6.380000e+02	5.980000e+02	6.470000e+02	6.580000e+02	6.310000e+02	6.240000e+02	5.680000e+02	6.260000e+02	5.840000e+02	5.610000e+02	6.810000e+02	5.790000e+02	5.820000e+02	5.710000e+02	5.910000e+02	6.220000e+02
4.680000e+02	5.240000e+02	4.910000e+02	5.210000e+02	4.760000e+02	5.050000e+02	4.920000e+02	4.960000e+02	4.550000e+02	4.960000e+02	5.380000e+02	5.420000e+02	5.580000e+02	5.540000e+02	5.840000e+02	5.570000e+02	5.280000e+02	5.760000e+02	5.890000e+02	6.230000e+02	6.250000e+02	5.600000e+02	6.120000e+02	7.300000e+02	7.630000e+02	7.670000e+02	2.026000e+03	4.171000e+03	3.796000e+03	4.034000e+03	1.543000e+03	7.170000e+02	1.945000e+03	1.300000e+03	1.042000e+03	8.350000e+02	8.460000e+02	7.570000e+02	7.640000e+02	6.980000e+02	7.360000e+02	7.010000e+02	7.570000e+02	6.520000e+02	6.470000e+02	6.610000e+02	6.520000e+02	5.980000e+02	6.050000e+02	6.600000e+02	5.980000e+02	5.970000e+02	6.270000e+02	6.120000e+02	6.020000e+02	6.440000e+02	5.770000e+02	6.800000e+02	6.300000e+02	6.450000e+02	5.770000e+02	5.850000e+02	6.350000e+02	6.550000e+02	6.100000e+02	6.050000e+02	6.090000e+02	6.280000e+02	6.180000e+02	5.940000e+02	6.080000e+02	5.510000e+02	5.920000e+02	6.180000e+02	6.040000e+02
4.540000e+02	5.180000e+02	4.860000e+02	4.800000e+02	5.130000e+02	5.020000e+02	4.710000e+02	4.780000e+02	5.010000e+02	4.940000e+02	5.120000e+02	5.370000e+02	5.410000e+02	5.550000e+02	5.290000e+02	5.950000e+02	5.870000e+02	6.090000e+02	5.710000e+02	6.220000e+02	5.620000e+02	6.270000e+02	5.660000e+02	6.680000e+02	7.010000e+02	7.460000e+02	1.351000e+03	4.270000e+03	3.735000e+03	4.119000e+03	3.600000e+03	1.248000e+03	1.848000e+03	7.290000e+02	1.194000e+03	9.810000e+02	8.540000e+02	8.260000e+02	7.700000e+02	6.880000e+02	7.180000e+02	6.250000e+02	6.880000e+02	6.840000e+02	6.630000e+02	6.640000e+02	6.420000e+02	6.840000e+02	6.190000e+02	6.300000e+02	5.770000e+02	6.150000e+02	6.450000e+02	6.510000e+02	6.170000e+02	6.500000e+02	6.130000e+02	5.750000e+02	6.160000e+02	5.790000e+02	6.100000e+02	6.410000e+02	6.420000e+02	6.050000e+02	6.430000e+02	6.350000e+02	5.630000e+02	6.220000e+02	6.510000e+02	6.210000e+02	6.170000e+02	4.970000e+02	5.920000e+02	5.800000e+02	6.010000e+02
5.030000e+02	5.200000e+02	5.060000e+02	4.880000e+02	5.050000e+02	4.930000e+02	4.680000e+02	4.880000e+02	4.360000e+02	5.030000e+02	5.200000e+02	5.520000e+02	5.550000e+02	4.970000e+02	5.850000e+02	6.210000e+02	5.990000e+02	5.770000e+02	5.870000e+02	5.830000e+02	5.730000e+02	5.820000e+02	6.110000e+02	6.130000e+02	7.810000e+02	1.294000e+03	1.152000e+03	4.169000e+03	4.146000e+03	4.481000e+03	4.415000e+03	4.545000e+03	8.780000e+02	6.840000e+02	1.106000e+03	9.250000e+02	9.750000e+02	8.610000e+02	7.400000e+02	7.200000e+02	6.690000e+02	7.030000e+02	6.830000e+02	6.720000e+02	7.330000e+02	7.450000e+02	6.740000e+02	6.800000e+02	6.670000e+02	6.180000e+02	6.140000e+02	6.130000e+02	6.340000e+02	6.320000e+02	6.510000e+02	6.220000e+02	5.980000e+02	6.590000e+02	6.000000e+02	6.300000e+02	6.110000e+02	6.290000e+02	6.170000e+02	6.260000e+02	6.540000e+02	6.070000e+02	5.990000e+02	6.110000e+02	6.360000e+02	6.000000e+02	5.860000e+02	6.320000e+02	5.980000e+02	6.470000e+02	6.400000e+02
4.580000e+02	5.130000e+02	5.120000e+02	4.390000e+02	5.190000e+02	4.870000e+02	4.710000e+02	5.120000e+02	4.640000e+02	5.040000e+02	5.460000e+02	5.710000e+02	5.580000e+02	5.930000e+02	5.490000e+02	5.380000e+02	5.520000e+02	5.840000e+02	5.600000e+02	5.360000e+02	5.990000e+02	5.770000e+02	6.070000e+02	6.660000e+02	8.010000e+02	1.143000e+03	1.118000e+03	4.588000e+03	4.202000e+03	4.659000e+03	4.440000e+03	4.942000e+03	3.304000e+03	1.362000e+03	8.510000e+02	1.134000e+03	9.340000e+02	9.350000e+02	7.980000e+02	7.960000e+02	7.200000e+02	7.360000e+02	6.580000e+02	6.930000e+02	6.520000e+02	6.510000e+02	6.940000e+02	7.080000e+02	6.730000e+02	5.850000e+02	6.670000e+02	6.150000e+02	7.010000e+02	6.190000e+02	5.960000e+02	6.080000e+02	6.080000e+02	6.260000e+02	6.410000e+02	6.120000e+02	6.050000e+02	6.390000e+02	6.210000e+02	6.280000e+02	6.470000e+02	6.140000e+02	6.530000e+02	6.280000e+02	6.090000e+02	5.680000e+02	6.330000e+02	5.640000e+02	5.960000e+02	5.460000e+02	6.140000e+02
4.980000e+02	4.970000e+02	5.280000e+02	4.590000e+02	4.960000e+02	4.890000e+02	4.760000e+02	4.720000e+02	4.830000e+02	5.090000e+02	5.180000e+02	5.660000e+02	5.980000e+02	5.610000e+02	5.620000e+02	5.700000e+02	5.010000e+02	5.660000e+02	5.790000e+02	6.570000e+02	6.040000e+02	5.750000e+02	6.030000e+02	6.640000e+02	8.920000e+02	1.954000e+03	1.111000e+03	4.753000e+03	4.523000e+03	4.394000e+03	4.822000e+03	4.886000e+03	4.424000e+03	1.691000e+03	9.960000e+02	1.305000e+03	1.009000e+03	8.650000e+02	8.170000e+02	8.030000e+02	7.020000e+02	6.700000e+02	6.760000e+02	6.640000e+02	6.510000e+02	7.110000e+02	6.120000e+02	6.630000e+02	6.520000e+02	7.030000e+02	6.510000e+02	5.910000e+02	5.680000e+02	6.500000e+02	6.060000e+02	6.350000e+02	6.010000e+02	6.370000e+02	6.430000e+02	6.300000e+02	5.930000e+02	5.930000e+02	6.360000e+02	5.690000e+02	6.510000e+02	6.390000e+02	6.340000e+02	6.050000e+02	6.010000e+02	6.010000e+02	5.530000e+02	5.390000e+02	5.910000e+02	5.650000e+02	5.810000e+02
4.800000e+02	5.380000e+02	4.820000e+02	4.710000e+02	4.720000e+02	5.210000e+02	4.760000e+02	4.950000e+02	4.780000e+02	5.120000e+02	5.460000e+02	6.010000e+02	5.350000e+02	5.370000e+02	5.830000e+02	5.430000e+02	5.500000e+02	5.100000e+02	5.840000e+02	6.180000e+02	5.770000e+02	6.240000e+02	6.770000e+02	7.360000e+02	1.033000e+03	1.849000e+03	1.971000e+03	5.092000e+03	4.414000e+03	5.045000e+03	4.995000e+03	5.148000e+03	4.676000e+03	5.189000e+03	1.914000e+03	7.960000e+02	1.102000e+03	1.029000e+03	7.890000e+02	7.790000e+02	8.180000e+02	7.350000e+02	6.460000e+02	7.030000e+02	7.120000e+02	7.360000e+02	6.330000e+02	6.950000e+02	6.330000e+02	6.470000e+02	6.520000e+02	6.420000e+02	6.290000e+02	6.020000e+02	5.890000e+02	6.510000e+02	6.480000e+02	6.980000e+02	6.460000e+02	5.600000e+02	6.350000e+02	5.810000e+02	6.300000e+02	6.560000e+02	5.900000e+02	6.040000e+02	6.630000e+02	6.940000e+02	6.670000e+02	5.700000e+02	5.840000e+02	5.570000e+02	6.050000e+02	6.200000e+02	5.480000e+02
4.790000e+02	4.810000e+02	5.080000e+02	5.180000e+02	5.580000e+02	4.630000e+02	4.830000e+02	5.090000e+02	4.410000e+02	5.110000e+02	5.340000e+02	5.700000e+02	5.610000e+02	5.470000e+02	6.190000e+02	5.530000e+02	5.550000e+02	6.080000e+02	5.570000e+02	5.970000e+02	5.920000e+02	6.090000e+02	6.350000e+02	6.950000e+02	1.237000e+03	1.327000e+03	4.180000e+03	5.194000e+03	4.772000e+03	5.205000e+03	5.503000e+03	5.624000e+03	5.450000e+03	5.604000e+03	5.033000e+03	1.814000e+03	1.426000e+03	1.009000e+03	9.170000e+02	8.790000e+02	9.200000e+02	7.660000e+02	7.640000e+02	7.880000e+02	6.960000e+02	7.030000e+02	7.200000e+02	6.670000e+02	6.370000e+02	6.430000e+02	6.460000e+02	5.600000e+02	5.410000e+02	6.640000e+02	6.520000e+02	6.180000e+02	6.130000e+02	6.130000e+02	6.580000e+02	6.420000e+02	5.650000e+02	6.200000e+02	5.700000e+02	5.980000e+02	6.340000e+02	6.500000e+02	6.120000e+02	6.280000e+02	6.260000e+02	5.930000e+02	6.300000e+02	5.950000e+02	5.810000e+02	5.800000e+02	6.100000e+02
5.320000e+02	4.530000e+02	4.690000e+02	5.250000e+02	4.320000e+02	4.960000e+02	4.530000e+02	4.890000e+02	4.950000e+02	4.890000e+02	5.220000e+02	5.540000e+02	5.570000e+02	5.870000e+02	5.700000e+02	5.210000e+02	5.330000e+02	5.600000e+02	6.040000e+02	5.690000e+02	5.710000e+02	5.850000e+02	6.670000e+02	7.790000e+02	1.707000e+03	9.550000e+02	2.254000e+03	3.817000e+03	4.139000e+03	3.840000e+03	5.614000e+03	5.791000e+03	5.733000e+03	4.894000e+03	4.762000e+03	5.403000e+03	2.549000e+03	1.269000e+03	8.920000e+02	8.830000e+02	1.042000e+03	9.810000e+02	7.670000e+02	7.890000e+02	7.020000e+02	7.370000e+02	7.170000e+02	7.570000e+02	6.730000e+02	6.830000e+02	6.350000e+02	5.910000e+02	5.870000e+02	6.000000e+02	6.280000e+02	7.180000e+02	6.270000e+02	5.800000e+02	6.480000e+02	5.730000e+02	6.390000e+02	6.290000e+02	6.600000e+02	6.410000e+02	6.600000e+02	5.780000e+02	6.920000e+02	6.360000e+02	6.240000e+02	5.830000e+02	6.150000e+02	6.170000e+02	5.640000e+02	5.620000e+02	6.340000e+02
5.270000e+02	5.010000e+02	4.720000e+02	5.000000e+02	5.230000e+02	4.990000e+02	5.170000e+02	4.890000e+02	4.140000e+02	4.830000e+02	5.420000e+02	5.560000e+02	5.250000e+02	5.450000e+02	5.100000e+02	5.970000e+02	5.830000e+02	6.060000e+02	6.140000e+02	5.580000e+02	5.600000e+02	5.900000e+02	5.770000e+02	7.480000e+02	1.759000e+03	9.970000e+02	4.750000e+03	4.774000e+03	2.853000e+03	2.338000e+03	2.376000e+03	3.680000e+03	5.675000e+03	5.972000e+03	5.790000e+03	5.948000e+03	1.430000e+03	9.130000e+02	1.149000e+03	1.018000e+03	1.075000e+03	1.062000e+03	8.500000e+02	8.320000e+02	7.470000e+02	7.790000e+02	7.790000e+02	7.640000e+02	6.090000e+02	6.510000e+02	6.090000e+02	5.970000e+02	6.430000e+02	6.550000e+02	5.950000e+02	6.330000e+02	5.880000e+02	6.080000e+02	6.270000e+02	5.990000e+02	6.000000e+02	6.640000e+02	6.470000e+02	6.080000e+02	6.530000e+02	5.990000e+02	5.950000e+02	6.040000e+02	7.010000e+02	6.150000e+02	6.020000e+02	5.930000e+02	5.760000e+02	5.780000e+02	6.200000e+02
4.860000e+02	4.750000e+02	5.170000e+02	5.180000e+02	5.330000e+02	5.780000e+02	4.460000e+02	4.730000e+02	4.800000e+02	5.310000e+02	4.980000e+02	5.130000e+02	5.510000e+02	5.690000e+02	5.750000e+02	5.440000e+02	5.580000e+02	5.660000e+02	5.340000e+02	6.030000e+02	5.480000e+02	5.720000e+02	6.360000e+02	6.510000e+02	1.222000e+03	1.915000e+03	5.735000e+03	5.950000e+03	5.654000e+03	5.943000e+03	3.630000e+03	5.196000e+03	9.080000e+02	2.930000e+03	6.078000e+03	6.050000e+03	6.030000e+03	3.692000e+03	1.495000e+03	1.216000e+03	1.121000e+03	1.143000e+03	9.230000e+02	8.930000e+02	8.200000e+02	8.000000e+02	7.740000e+02	6.900000e+02	6.530000e+02	6.230000e+02	7.050000e+02	6.340000e+02	6.670000e+02	6.810000e+02	6.230000e+02	6.180000e+02	6.850000e+02	6.180000e+02	6.210000e+02	6.090000e+02	5.640000e+02	6.080000e+02	6.100000e+02	6.520000e+02	6.980000e+02	5.580000e+02	6.130000e+02	6.300000e+02	6.340000e+02	6.310000e+02	5.680000e+02	6.080000e+02	5.850000e+02	5.760000e+02	5.780000e+02
4.740000e+02	5.150000e+02	4.560000e+02	4.380000e+02	4.940000e+02	5.250000e+02	4.850000e+02	4.170000e+02	4.870000e+02	5.020000e+02	5.060000e+02	5.850000e+02	6.150000e+02	5.450000e+02	5.360000e+02	5.050000e+02	5.950000e+02	5.770000e+02	5.780000e+02	6.310000e+02	5.590000e+02	6.120000e+02	1.974000e+03	1.339000e+03	1.412000e+03	2.522000e+03	6.028000e+03	5.989000e+03	5.935000e+03	6.079000e+03	6.106000e+03	6.501000e+03	6.216000e+03	5.328000e+03	2.580000e+03	1.845000e+03	3.175000e+03	6.351000e+03	1.054000e+03	1.326000e+03	1.197000e+03	1.249000e+03	1.004000e+03	8.350000e+02	8.840000e+02	8.690000e+02	8.060000e+02	6.790000e+02	6.870000e+02	6.650000e+02	6.630000e+02	6.810000e+02	6.260000e+02	5.970000e+02	6.070000e+02	6.200000e+02	6.310000e+02	6.420000e+02	6.350000e+02	5.570000e+02	5.740000e+02	6.490000e+02	6.040000e+02	6.480000e+02	6.020000e+02	6.240000e+02	6.440000e+02	6.560000e+02	6.090000e+02	5.810000e+02	6.200000e+02	6.370000e+02	5.450000e+02	5.720000e+02	6.430000e+02
4.740000e+02	5.120000e+02	4.930000e+02	4.780000e+02	5.220000e+02	4.590000e+02	4.840000e+02	4.410000e+02	4.620000e+02	4.980000e+02	5.490000e+02	5.240000e+02	5.670000e+02	5.820000e+02	5.550000e+02	5.730000e+02	5.980000e+02	5.320000e+02	5.950000e+02	5.900000e+02	5.880000e+02	5.960000e+02	4.084000e+03	7.730000e+02	1.191000e+03	5.500000e+03	6.323000e+03	6.340000e+03	6.020000e+03	6.219000e+03	6.536000e+03	6.745000e+03	6.731000e+03	6.668000e+03	6.466000e+03	4.108000e+03	2.417000e+03	1.949000e+03	3.012000e+03	3.112000e+03	1.795000e+03	1.476000e+03	1.047000e+03	1.089000e+03	9.960000e+02	9.860000e+02	7.720000e+02	7.600000e+02	6.740000e+02	7.090000e+02	6.470000e+02	6.440000e+02	6.420000e+02	6.010000e+02	6.120000e+02	6.040000e+02	6.480000e+02	5.790000e+02	6.330000e+02	6.440000e+02	5.640000e+02	6.670000e+02	5.860000e+02	6.380000e+02	6.170000e+02	6.840000e+02	6.480000e+02	6.110000e+02	6.730000e+02	6.530000e+02	6.070000e+02	5.680000e+02	5.680000e+02	6.030000e+02	5.530000e+02
4.810000e+02	4.560000e+02	4.980000e+02	4.920000e+02	4.390000e+02	4.900000e+02	4.840000e+02	4.620000e+02	5.190000e+02	4.990000e+02	5.060000e+02	5.260000e+02	5.480000e+02	5.540000e+02	5.510000e+02	5.190000e+02	5.660000e+02	5.790000e+02	5.860000e+02	5.600000e+02	6.050000e+02	5.720000e+02	6.560000e+02	7.430000e+02	2.528000e+03	6.540000e+03	6.491000e+03	6.548000e+03	6.412000e+03	6.466000e+03	6.696000e+03	6.902000e+03	7.143000e+03	7.192000e+03	7.134000e+03	6.754000e+03	7.101000e+03	7.029000e+03	6.598000e+03	3.495000e+03	2.076000e+03	1.601000e+03	1.378000e+03	1.486000e+03	1.302000e+03	1.168000e+03	1.023000e+03	8.110000e+02	7.510000e+02	6.420000e+02	6.360000e+02	6.550000e+02	5.920000e+02	6.250000e+02	6.230000e+02	6.220000e+02	6.670000e+02	6.270000e+02	5.510000e+02	6.160000e+02	6.260000e+02	6.270000e+02	6.030000e+02	5.810000e+02	6.050000e+02	6.190000e+02	6.850000e+02	6.380000e+02	6.380000e+02	5.920000e+02	6.040000e+02	6.200000e+02	5.450000e+02	6.560000e+02	5.730000e+02
5.020000e+02	5.640000e+02	4.890000e+02	4.800000e+02	5.260000e+02	4.800000e+02	5.050000e+02	4.920000e+02	4.930000e+02	5.730000e+02	5.160000e+02	5.350000e+02	5.630000e+02	5.580000e+02	5.850000e+02	5.300000e+02	5.510000e+02	5.490000e+02	5.500000e+02	5.750000e+02	5.390000e+02	6.660000e+02	7.190000e+02	6.290000e+02	1.975000e+03	6.918000e+03	6.743000e+03	6.794000e+03	6.710000e+03	6.908000e+03	7.005000e+03	7.533000e+03	7.454000e+03	7.136000e+03	7.303000e+03	7.655000e+03	7.291000e+03	7.731000e+03	7.402000e+03	7.512000e+03	6.711000e+03	1.190000e+03	2.577000e+03	2.189000e+03	1.196000e+03	1.133000e+03	1.118000e+03	8.400000e+02	7.970000e+02	6.250000e+02	6.440000e+02	5.970000e+02	6.240000e+02	6.240000e+02	6.270000e+02	6.780000e+02	6.330000e+02	6.080000e+02	6.110000e+02	6.120000e+02	5.870000e+02	6.120000e+02	5.830000e+02	5.740000e+02	6.370000e+02	6.420000e+02	6.980000e+02	6.450000e+02	6.650000e+02	6.400000e+02	6.280000e+02	5.820000e+02	5.530000e+02	5.670000e+02	6.280000e+02
5.580000e+02	5.210000e+02	5.430000e+02	4.700000e+02	5.100000e+02	4.820000e+02	5.010000e+02	4.760000e+02	4.640000e+02	4.930000e+02	5.430000e+02	5.700000e+02	5.840000e+02	5.550000e+02	5.750000e+02	5.440000e+02	6.030000e+02	5.920000e+02	5.520000e+02	6.220000e+02	6.030000e+02	6.630000e+02	8.240000e+02	1.883000e+03	4.188000e+03	6.853000e+03	6.757000e+03	7.155000e+03	7.113000e+03	7.013000e+03	7.347000e+03	7.612000e+03	7.565000e+03	7.258000e+03	7.694000e+03	7.943000e+03	7.729000e+03	7.543000e+03	7.893000e+03	8.288000e+03	7.621000e+03	7.370000e+03	9.180000e+02	1.560000e+03	1.831000e+03	1.720000e+03	9.870000e+02	9.480000e+02	8.060000e+02	7.180000e+02	6.560000e+02	6.540000e+02	6.050000e+02	6.210000e+02	5.520000e+02	6.810000e+02	6.010000e+02	6.480000e+02	6.330000e+02	6.010000e+02	6.110000e+02	5.750000e+02	6.400000e+02	6.230000e+02	6.220000e+02	6.070000e+02	6.740000e+02	5.670000e+02	6.040000e+02	6.340000e+02	6.070000e+02	5.900000e+02	5.760000e+02	5.910000e+02	5.880000e+02
5.280000e+02	5.150000e+02	5.200000e+02	4.820000e+02	4.700000e+02	4.790000e+02	4.920000e+02	4.490000e+02	4.830000e+02	5.170000e+02	5.570000e+02	5.590000e+02	5.760000e+02	5.770000e+02	5.640000e+02	5.030000e+02	5.690000e+02	6.040000e+02	6.320000e+02	5.960000e+02	6.280000e+02	7.860000e+02	1.464000e+03	2.382000e+03	6.036000e+03	7.231000e+03	7.249000e+03	6.332000e+03	7.005000e+03	7.334000e+03	7.611000e+03	7.852000e+03	6.913000e+03	7.716000e+03	7.607000e+03	8.294000e+03	7.551000e+03	7.968000e+03	8.270000e+03	8.267000e+03	8.098000e+03	7.961000e+03	7.103000e+03	2.187000e+03	9.990000e+02	1.490000e+03	1.725000e+03	9.640000e+02	8.010000e+02	6.830000e+02	5.690000e+02	5.770000e+02	5.670000e+02	5.770000e+02	5.690000e+02	6.620000e+02	7.150000e+02	6.370000e+02	5.980000e+02	5.770000e+02	5.990000e+02	6.320000e+02	6.650000e+02	6.370000e+02	6.020000e+02	5.970000e+02	7.090000e+02	5.580000e+02	6.410000e+02	6.260000e+02	6.070000e+02	6.080000e+02	5.510000e+02	5.970000e+02	5.690000e+02
5.190000e+02	4.980000e+02	5.110000e+02	4.820000e+02	5.560000e+02	4.780000e+02	4.910000e+02	4.550000e+02	4.760000e+02	4.420000e+02	5.080000e+02	5.440000e+02	5.760000e+02	5.980000e+02	5.570000e+02	6.110000e+02	5.480000e+02	5.820000e+02	5.920000e+02	6.490000e+02	6.490000e+02	8.420000e+02	1.460000e+03	1.807000e+03	6.996000e+03	6.974000e+03	7.442000e+03	7.705000e+03	7.133000e+03	7.687000e+03	7.894000e+03	8.032000e+03	8.022000e+03	8.064000e+03	7.754000e+03	8.171000e+03	8.488000e+03	8.651000e+03	7.519000e+03	8.958000e+03	8.566000e+03	8.351000e+03	7.587000e+03	8.251000e+03	1.598000e+03	5.548000e+03	1.734000e+03	8.050000e+02	1.021000e+03	7.340000e+02	6.290000e+02	6.320000e+02	6.270000e+02	6.400000e+02	6.010000e+02	6.030000e+02	6.100000e+02	5.870000e+02	6.620000e+02	6.550000e+02	6.150000e+02	6.310000e+02	6.520000e+02	5.980000e+02	6.350000e+02	6.260000e+02	6.380000e+02	5.780000e+02	6.650000e+02	6.170000e+02	6.330000e+02	6.140000e+02	6.160000e+02	6.220000e+02	6.150000e+02
4.750000e+02	5.050000e+02	4.950000e+02	4.680000e+02	4.710000e+02	4.750000e+02	5.630000e+02	5.170000e+02	5.050000e+02	5.220000e+02	5.710000e+02	5.380000e+02	5.470000e+02	5.800000e+02	5.840000e+02	5.710000e+02	6.070000e+02	6.090000e+02	6.410000e+02	6.050000e+02	6.140000e+02	8.860000e+02	1.096000e+03	1.602000e+03	7.555000e+03	7.499000e+03	7.760000e+03	8.030000e+03	7.530000e+03	7.765000e+03	7.722000e+03	8.378000e+03	8.426000e+03	7.375000e+03	8.361000e+03	8.620000e+03	8.868000e+03	8.933000e+03	8.933000e+03	8.640000e+03	8.892000e+03	9.735000e+03	7.962000e+03	7.962000e+03	7.952000e+03	5.638000e+03	3.684000e+03	7.510000e+02	7.210000e+02	6.930000e+02	6.350000e+02	6.880000e+02	6.230000e+02	6.530000e+02	6.550000e+02	6.470000e+02	6.240000e+02	6.000000e+02	5.890000e+02	6.130000e+02	6.280000e+02	6.350000e+02	6.290000e+02	5.650000e+02	6.600000e+02	6.190000e+02	6.220000e+02	5.570000e+02	6.410000e+02	6.080000e+02	6.240000e+02	5.900000e+02	5.650000e+02	6.250000e+02	5.560000e+02
5.500000e+02	5.020000e+02	5.100000e+02	5.260000e+02	4.810000e+02	4.980000e+02	4.680000e+02	4.580000e+02	4.990000e+02	5.320000e+02	5.310000e+02	5.120000e+02	6.090000e+02	5.780000e+02	5.990000e+02	5.670000e+02	5.810000e+02	5.690000e+02	5.900000e+02	6.520000e+02	6.430000e+02	9.660000e+02	2.241000e+03	1.163000e+03	6.860000e+03	7.726000e+03	7.863000e+03	8.050000e+03	7.866000e+03	8.406000e+03	8.186000e+03	8.664000e+03	8.932000e+03	8.723000e+03	8.737000e+03	8.918000e+03	9.031000e+03	9.140000e+03	9.189000e+03	8.155000e+03	9.379000e+03	8.558000e+03	8.733000e+03	9.210000e+03	8.487000e+03	8.641000e+03	1.080000e+03	6.630000e+02	1.039000e+03	7.280000e+02	5.990000e+02	6.320000e+02	6.070000e+02	6.090000e+02	5.940000e+02	6.480000e+02	6.200000e+02	6.070000e+02	6.260000e+02	6.500000e+02	6.260000e+02	6.390000e+02	6.730000e+02	6.480000e+02	6.660000e+02	6.370000e+02	6.260000e+02	6.340000e+02	6.150000e+02	6.470000e+02	5.900000e+02	6.320000e+02	5.940000e+02	5.720000e+02	5.450000e+02
5.130000e+02	5.230000e+02	4.960000e+02	4.680000e+02	5.260000e+02	4.890000e+02	4.830000e+02	4.900000e+02	4.910000e+02	4.820000e+02	5.070000e+02	5.600000e+02	5.230000e+02	5.440000e+02	6.370000e+02	5.950000e+02	5.740000e+02	5.650000e+02	5.750000e+02	5.900000e+02	7.090000e+02	1.109000e+03	2.675000e+03	3.060000e+03	7.878000e+03	7.530000e+03	7.982000e+03	8.139000e+03	8.299000e+03	8.294000e+03	8.496000e+03	8.878000e+03	8.774000e+03	6.960000e+03	8.978000e+03	9.139000e+03	7.827000e+03	9.375000e+03	9.898000e+03	9.644000e+03	9.542000e+03	1.065300e+04	8.560000e+03	9.344000e+03	8.776000e+03	8.739000e+03	3.643000e+03	3.665000e+03	2.722000e+03	6.810000e+02	6.730000e+02	6.810000e+02	6.260000e+02	5.860000e+02	5.640000e+02	6.000000e+02	5.760000e+02	6.490000e+02	6.280000e+02	6.390000e+02	6.620000e+02	6.370000e+02	6.240000e+02	6.360000e+02	6.380000e+02	5.760000e+02	6.470000e+02	6.530000e+02	6.490000e+02	6.060000e+02	6.060000e+02	6.170000e+02	6.020000e+02	5.530000e+02	6.710000e+02
5.610000e+02	4.950000e+02	5.230000e+02	4.740000e+02	5.440000e+02	4.730000e+02	4.460000e+02	4.130000e+02	5.170000e+02	4.910000e+02	5.210000e+02	5.770000e+02	5.230000e+02	4.960000e+02	5.430000e+02	5.720000e+02	5.530000e+02	5.520000e+02	5.840000e+02	6.290000e+02	7.500000e+02	1.174000e+03	2.042000e+03	6.280000e+03	8.167000e+03	7.679000e+03	8.223000e+03	8.404000e+03	8.384000e+03	8.399000e+03	8.741000e+03	9.163000e+03	9.297000e+03	9.147000e+03	9.468000e+03	9.583000e+03	1.003200e+04	9.586000e+03	9.490000e+03	9.941000e+03	1.121700e+04	9.279000e+03	9.394000e+03	9.703000e+03	9.605000e+03	9.420000e+03	9.091000e+03	5.837000e+03	3.014000e+03	9.930000e+02	6.810000e+02	6.000000e+02	6.030000e+02	6.100000e+02	5.880000e+02	6.980000e+02	6.470000e+02	6.390000e+02	5.940000e+02	6.320000e+02	6.050000e+02	6.340000e+02	6.590000e+02	6.640000e+02	6.480000e+02	5.610000e+02	6.900000e+02	6.300000e+02	6.260000e+02	6.060000e+02	5.580000e+02	5.280000e+02	5.970000e+02	6.020000e+02	5.630000e+02
5.320000e+02	4.850000e+02	5.440000e+02	4.740000e+02	4.690000e+02	5.010000e+02	4.470000e+02	4.820000e+02	4.940000e+02	5.270000e+02	5.440000e+02	5.400000e+02	5.530000e+02	5.610000e+02	5.930000e+02	5.750000e+02	5.470000e+02	6.050000e+02	5.880000e+02	6.660000e+02	7.760000e+02	1.873000e+03	9.020000e+02	7.588000e+03	8.326000e+03	8.403000e+03	8.484000e+03	8.775000e+03	7.939000e+03	3.945000e+03	8.786000e+03	9.335000e+03	9.531000e+03	5.992000e+03	9.691000e+03	9.831000e+03	1.001900e+04	1.014300e+04	1.046600e+04	1.059800e+04	1.233100e+04	9.821000e+03	1.006000e+04	9.999000e+03	9.498000e+03	9.571000e+03	9.519000e+03	4.970000e+03	1.692000e+03	1.437000e+03	6.870000e+02	5.520000e+02	5.960000e+02	6.170000e+02	6.420000e+02	6.590000e+02	6.450000e+02	6.090000e+02	6.120000e+02	5.760000e+02	5.820000e+02	5.890000e+02	6.370000e+02	6.310000e+02	6.070000e+02	6.360000e+02	6.430000e+02	5.480000e+02	5.620000e+02	5.710000e+02	6.010000e+02	5.690000e+02	5.940000e+02	5.500000e+02	6.450000e+02
4.980000e+02	4.740000e+02	4.560000e+02	4.660000e+02	5.250000e+02	4.760000e+02	4.940000e+02	4.390000e+02	4.940000e+02	4.850000e+02	5.250000e+02	5.150000e+02	5.550000e+02	5.920000e+02	6.020000e+02	5.370000e+02	6.050000e+02	5.720000e+02	5.940000e+02	6.670000e+02	9.150000e+02	2.505000e+03	2.951000e+03	8.344000e+03	7.981000e+03	8.440000e+03	8.792000e+03	8.745000e+03	6.168000e+03	9.137000e+03	9.293000e+03	8.330000e+03	9.826000e+03	8.794000e+03	4.163000e+03	1.021900e+04	1.077800e+04	1.062700e+04	1.060200e+04	1.082700e+04	1.210600e+04	9.607000e+03	1.013500e+04	1.026500e+04	9.921000e+03	1.023600e+04	9.750000e+03	4.089000e+03	3.391000e+03	2.704000e+03	7.370000e+02	6.560000e+02	6.110000e+02	5.850000e+02	5.750000e+02	6.070000e+02	6.160000e+02	6.380000e+02	5.940000e+02	5.930000e+02	6.410000e+02	5.890000e+02	6.200000e+02	6.160000e+02	5.800000e+02	5.980000e+02	5.640000e+02	6.290000e+02	6.180000e+02	6.480000e+02	6.040000e+02	5.870000e+02	6.110000e+02	5.620000e+02	5.870000e+02
5.230000e+02	4.630000e+02	4.950000e+02	4.770000e+02	4.840000e+02	5.140000e+02	4.480000e+02	4.880000e+02	4.580000e+02	5.540000e+02	5.180000e+02	5.200000e+02	5.870000e+02	5.410000e+02	6.030000e+02	5.870000e+02	5.880000e+02	5.600000e+02	5.780000e+02	6.640000e+02	1.043000e+03	2.006000e+03	2.330000e+03	8.414000e+03	7.371000e+03	8.742000e+03	8.939000e+03	8.972000e+03	9.556000e+03	8.950000e+03	9.412000e+03	9.856000e+03	1.010200e+04	1.005600e+04	1.037800e+04	1.040200e+04	1.059400e+04	1.103300e+04	1.116700e+04	1.086400e+04	1.032500e+04	1.036000e+04	1.054700e+04	1.047200e+04	1.032500e+04	9.246000e+03	1.053000e+04	1.022900e+04	1.745000e+03	1.040000e+03	7.260000e+02	6.120000e+02	6.260000e+02	5.750000e+02	5.860000e+02	6.190000e+02	6.400000e+02	6.380000e+02	6.150000e+02	6.000000e+02	5.810000e+02	6.260000e+02	5.620000e+02	6.410000e+02	6.210000e+02	5.900000e+02	6.580000e+02	6.460000e+02	6.140000e+02	6.060000e+02	5.910000e+02	5.950000e+02	5.800000e+02	5.590000e+02	5.530000e+02
5.040000e+02	5.180000e+02	5.250000e+02	4.850000e+02	4.960000e+02	5.310000e+02	4.400000e+02	4.840000e+02	4.930000e+02	4.780000e+02	5.000000e+02	5.270000e+02	5.660000e+02	5.810000e+02	5.550000e+02	5.640000e+02	5.620000e+02	6.480000e+02	5.380000e+02	7.600000e+02	1.412000e+03	2.953000e+03	4.009000e+03	8.663000e+03	8.977000e+03	8.945000e+03	8.828000e+03	9.469000e+03	9.437000e+03	8.920000e+03	9.503000e+03	9.254000e+03	1.031700e+04	9.911000e+03	9.751000e+03	1.002000e+04	9.444000e+03	1.098800e+04	1.141300e+04	7.032000e+03	1.109200e+04	1.086800e+04	1.096800e+04	1.060000e+04	1.081800e+04	1.093800e+04	8.745000e+03	1.059700e+04	9.250000e+03	1.252000e+03	1.313000e+03	6.350000e+02	5.810000e+02	6.340000e+02	6.310000e+02	6.110000e+02	5.880000e+02	5.910000e+02	6.020000e+02	6.250000e+02	6.210000e+02	6.070000e+02	5.670000e+02	5.720000e+02	6.740000e+02	5.920000e+02	5.580000e+02	6.290000e+02	6.160000e+02	6.140000e+02	6.420000e+02	5.640000e+02	5.860000e+02	5.950000e+02	6.030000e+02
4.810000e+02	5.160000e+02	5.040000e+02	4.230000e+02	4.970000e+02	4.880000e+02	4.590000e+02	5.060000e+02	4.860000e+02	5.400000e+02	5.090000e+02	5.650000e+02	5.800000e+02	5.440000e+02	5.180000e+02	6.100000e+02	6.170000e+02	6.530000e+02	6.650000e+02	8.580000e+02	1.523000e+03	3.014000e+03	7.511000e+03	8.444000e+03	8.262000e+03	8.683000e+03	9.244000e+03	9.325000e+03	9.399000e+03	9.032000e+03	1.010000e+04	1.040000e+04	1.043500e+04	1.041600e+04	1.083100e+04	1.071600e+04	1.146800e+04	1.106900e+04	1.174800e+04	1.152200e+04	1.072700e+04	1.175900e+04	1.142200e+04	1.090100e+04	1.072700e+04	1.076200e+04	1.113400e+04	1.190200e+04	5.363000e+03	2.833000e+03	3.416000e+03	6.450000e+02	6.360000e+02	5.960000e+02	6.520000e+02	6.310000e+02	5.780000e+02	6.360000e+02	5.980000e+02	5.900000e+02	6.630000e+02	6.380000e+02	6.150000e+02	5.710000e+02	5.820000e+02	6.170000e+02	6.580000e+02	6.320000e+02	6.950000e+02	5.950000e+02	5.900000e+02	6.050000e+02	6.170000e+02	6.340000e+02	5.830000e+02
4.860000e+02	4.700000e+02	4.940000e+02	4.680000e+02	4.640000e+02	5.070000e+02	4.710000e+02	4.870000e+02	4.950000e+02	4.700000e+02	5.100000e+02	5.540000e+02	5.250000e+02	6.150000e+02	5.470000e+02	6.630000e+02	5.760000e+02	5.950000e+02	6.770000e+02	1.008000e+03	2.530000e+03	3.138000e+03	8.332000e+03	8.902000e+03	9.145000e+03	9.333000e+03	9.126000e+03	9.443000e+03	9.639000e+03	9.716000e+03	9.892000e+03	1.065200e+04	1.054300e+04	1.067300e+04	1.079300e+04	1.066500e+04	1.139600e+04	1.161500e+04	1.186800e+04	1.133800e+04	1.255600e+04	1.000500e+04	9.937000e+03	8.597000e+03	1.121400e+04	1.085400e+04	1.002400e+04	1.063600e+04	1.046900e+04	1.156700e+04	2.144000e+03	7.540000e+02	6.490000e+02	6.270000e+02	5.860000e+02	6.230000e+02	6.190000e+02	6.260000e+02	6.730000e+02	5.710000e+02	6.100000e+02	5.980000e+02	6.240000e+02	5.830000e+02	5.850000e+02	6.650000e+02	6.630000e+02	6.360000e+02	6.540000e+02	5.950000e+02	5.500000e+02	5.920000e+02	5.460000e+02	5.670000e+02	6.250000e+02
5.130000e+02	5.030000e+02	4.730000e+02	4.800000e+02	5.110000e+02	5.050000e+02	4.320000e+02	4.850000e+02	4.660000e+02	5.370000e+02	5.270000e+02	5.340000e+02	5.190000e+02	5.970000e+02	5.730000e+02	5.850000e+02	6.670000e+02	7.050000e+02	6.720000e+02	9.440000e+02	4.271000e+03	1.894000e+03	8.493000e+03	9.051000e+03	9.367000e+03	8.215000e+03	9.087000e+03	9.572000e+03	9.961000e+03	1.016500e+04	1.015500e+04	1.086100e+04	1.078100e+04	1.101100e+04	1.141500e+04	1.097200e+04	1.147300e+04	9.514000e+03	9.189000e+03	8.262000e+03	6.226000e+03	1.151400e+04	1.401100e+04	1.444900e+04	8.961000e+03	1.083500e+04	7.297000e+03	1.153200e+04	1.153200e+04	5.212000e+03	3.093000e+03	8.290000e+02	6.420000e+02	6.130000e+02	6.090000e+02	6.130000e+02	5.860000e+02	5.770000e+02	5.870000e+02	5.840000e+02	6.470000e+02	6.170000e+02	6.410000e+02	5.950000e+02	6.700000e+02	5.770000e+02	6.440000e+02	5.950000e+02	6.240000e+02	6.200000e+02	6.130000e+02	5.970000e+02	5.400000e+02	6.000000e+02	5.860000e+02
4.970000e+02	4.870000e+02	5.280000e+02	4.690000e+02	4.770000e+02	5.000000e+02	4.860000e+02	4.570000e+02	5.230000e+02	5.140000e+02	5.600000e+02	5.430000e+02	5.350000e+02	5.740000e+02	6.350000e+02	5.910000e+02	6.070000e+02	6.390000e+02	7.330000e+02	1.507000e+03	2.510000e+03	5.627000e+03	8.650000e+03	9.349000e+03	9.402000e+03	9.484000e+03	9.540000e+03	9.897000e+03	1.007100e+04	1.002700e+04	9.944000e+03	1.105600e+04	1.097600e+04	1.080300e+04	1.133600e+04	1.133400e+04	5.550000e+03	8.312000e+03	1.024300e+04	9.065000e+03	9.379000e+03	1.196300e+04	1.223200e+04	1.253200e+04	1.344100e+04	1.005900e+04	1.132400e+04	1.153600e+04	1.143200e+04	8.484000e+03	7.154000e+03	3.240000e+03	6.830000e+02	5.940000e+02	6.280000e+02	6.500000e+02	6.470000e+02	6.210000e+02	6.450000e+02	6.170000e+02	5.850000e+02	5.910000e+02	6.830000e+02	6.270000e+02	6.320000e+02	6.130000e+02	6.070000e+02	6.270000e+02	6.360000e+02	6.100000e+02	6.270000e+02	6.110000e+02	5.540000e+02	5.670000e+02	6.310000e+02
5.240000e+02	4.990000e+02	4.580000e+02	5.020000e+02	5.000000e+02	4.850000e+02	5.060000e+02	4.470000e+02	5.080000e+02	4.430000e+02	5.130000e+02	5.400000e+02	5.330000e+02	5.540000e+02	5.630000e+02	5.570000e+02	6.370000e+02	6.780000e+02	8.540000e+02	2.341000e+03	4.633000e+03	8.440000e+03	8.868000e+03	9.195000e+03	9.419000e+03	9.798000e+03	9.608000e+03	1.013400e+04	9.792000e+03	1.042200e+04	1.055500e+04	1.103600e+04	1.118800e+04	1.133100e+04	1.148500e+04	1.111900e+04	9.040000e+03	2.969000e+03	9.184000e+03	7.289000e+03	1.203200e+04	1.215300e+04	1.278900e+04	1.243600e+04	1.342800e+04	1.261600e+04	1.293300e+04	1.295300e+04	1.210700e+04	1.132400e+04	1.044400e+04	3.706000e+03	6.490000e+02	6.390000e+02	6.390000e+02	6.660000e+02	6.450000e+02	6.540000e+02	6.860000e+02	5.820000e+02	5.990000e+02	6.890000e+02	5.980000e+02	6.140000e+02	5.820000e+02	6.370000e+02	6.420000e+02	6.090000e+02	6.130000e+02	5.850000e+02	6.070000e+02	6.140000e+02	5.760000e+02	6.210000e+02	5.850000e+02
4.910000e+02	5.100000e+02	5.010000e+02	5.070000e+02	4.400000e+02	5.110000e+02	4.390000e+02	4.490000e+02	5.030000e+02	4.930000e+02	5.170000e+02	5.160000e+02	5.410000e+02	5.920000e+02	5.700000e+02	5.390000e+02	6.150000e+02	7.020000e+02	1.009000e+03	2.560000e+03	1.697000e+03	8.372000e+03	9.095000e+03	9.422000e+03	9.819000e+03	1.003300e+04	1.001000e+04	1.036300e+04	1.061200e+04	1.030700e+04	1.052200e+04	1.136300e+04	1.149100e+04	1.115300e+04	1.154800e+04	8.967000e+03	1.169000e+04	1.230600e+04	6.067000e+03	1.197000e+04	1.246600e+04	1.266700e+04	1.227900e+04	1.285600e+04	1.158700e+04	3.619000e+03	1.229200e+04	1.010100e+04	1.145500e+04	1.142800e+04	1.086900e+04	1.169000e+04	6.180000e+02	6.330000e+02	6.490000e+02	6.060000e+02	6.640000e+02	6.040000e+02	6.040000e+02	5.970000e+02	6.040000e+02	5.760000e+02	5.940000e+02	5.960000e+02	6.070000e+02	5.630000e+02	5.660000e+02	6.120000e+02	6.620000e+02	5.630000e+02	5.930000e+02	6.190000e+02	6.020000e+02	5.210000e+02	6.250000e+02
4.750000e+02	5.010000e+02	4.440000e+02	4.550000e+02	4.360000e+02	5.100000e+02	4.950000e+02	4.260000e+02	5.010000e+02	4.980000e+02	5.960000e+02	5.370000e+02	5.610000e+02	5.850000e+02	5.460000e+02	5.490000e+02	5.950000e+02	6.320000e+02	8.140000e+02	1.849000e+03	3.612000e+03	8.953000e+03	8.678000e+03	9.479000e+03	9.529000e+03	1.010500e+04	9.684000e+03	8.378000e+03	1.052900e+04	1.088500e+04	1.120600e+04	1.137000e+04	1.155800e+04	1.104300e+04	1.203500e+04	4.621000e+03	1.137600e+04	1.234300e+04	1.266900e+04	1.225700e+04	1.258000e+04	1.282200e+04	1.211100e+04	1.245200e+04	1.241600e+04	1.114300e+04	1.107500e+04	1.215800e+04	1.251900e+04	1.272800e+04	1.156200e+04	1.082800e+04	2.630000e+03	6.850000e+02	6.140000e+02	5.830000e+02	6.680000e+02	6.130000e+02	6.330000e+02	5.910000e+02	6.460000e+02	6.480000e+02	5.920000e+02	6.080000e+02	6.730000e+02	6.170000e+02	5.810000e+02	6.270000e+02	6.200000e+02	6.600000e+02	6.190000e+02	5.460000e+02	5.830000e+02	5.410000e+02	6.130000e+02
4.870000e+02	4.740000e+02	4.620000e+02	4.530000e+02	5.700000e+02	4.750000e+02	4.670000e+02	5.150000e+02	4.540000e+02	4.770000e+02	5.410000e+02	5.850000e+02	5.670000e+02	5.990000e+02	6.190000e+02	5.700000e+02	6.140000e+02	7.260000e+02	1.503000e+03	1.122000e+03	8.434000e+03	9.042000e+03	9.321000e+03	9.463000e+03	9.774000e+03	1.004600e+04	1.010400e+04	1.018200e+04	9.716000e+03	1.149400e+04	1.069800e+04	1.159600e+04	1.141400e+04	1.153300e+04	1.169400e+04	1.204700e+04	1.180600e+04	1.247900e+04	1.238200e+04	1.252600e+04	1.284900e+04	1.285900e+04	1.275700e+04	1.229000e+04	1.255800e+04	1.237200e+04	1.192600e+04	1.200800e+04	1.220500e+04	1.243800e+04	1.213700e+04	3.959000e+03	1.950000e+03	6.500000e+02	5.920000e+02	6.380000e+02	5.910000e+02	6.110000e+02	5.950000e+02	6.350000e+02	5.870000e+02	6.230000e+02	6.610000e+02	5.860000e+02	6.540000e+02	5.910000e+02	5.810000e+02	5.920000e+02	6.360000e+02	6.110000e+02	5.930000e+02	5.990000e+02	6.050000e+02	5.740000e+02	5.430000e+02
5.450000e+02	4.530000e+02	4.470000e+02	5.310000e+02	5.030000e+02	4.690000e+02	4.470000e+02	4.630000e+02	4.970000e+02	5.440000e+02	5.420000e+02	5.520000e+02	5.590000e+02	5.460000e+02	5.600000e+02	5.690000e+02	6.510000e+02	9.960000e+02	2.089000e+03	1.482000e+03	8.740000e+03	9.210000e+03	9.316000e+03	9.420000e+03	1.017200e+04	1.029200e+04	1.037100e+04	1.067500e+04	1.074500e+04	1.070400e+04	1.117200e+04	1.194500e+04	1.180900e+04	1.190900e+04	1.206900e+04	1.212400e+04	1.228800e+04	1.183800e+04	1.246200e+04	1.209600e+04	1.250800e+04	1.296000e+04	1.291500e+04	1.275500e+04	1.104500e+04	1.084500e+04	1.208500e+04	1.138300e+04	1.143700e+04	1.244400e+04	1.147700e+04	1.149600e+04	8.469000e+03	1.833000e+03	6.650000e+02	6.020000e+02	6.300000e+02	6.180000e+02	6.420000e+02	6.360000e+02	6.070000e+02	6.170000e+02	6.200000e+02	6.030000e+02	6.000000e+02	6.040000e+02	6.130000e+02	6.310000e+02	6.600000e+02	5.960000e+02	5.940000e+02	6.050000e+02	5.770000e+02	5.990000e+02	5.900000e+02
5.080000e+02	4.940000e+02	4.500000e+02	4.600000e+02	4.970000e+02	5.030000e+02	4.550000e+02	4.460000e+02	5.060000e+02	5.340000e+02	5.590000e+02	5.880000e+02	6.240000e+02	5.850000e+02	5.730000e+02	5.070000e+02	6.830000e+02	1.270000e+03	1.751000e+03	2.713000e+03	8.727000e+03	7.880000e+03	5.858000e+03	9.912000e+03	1.037900e+04	1.046000e+04	1.038000e+04	1.087400e+04	1.082600e+04	1.112600e+04	1.130700e+04	1.197000e+04	1.175300e+04	1.202100e+04	1.243900e+04	1.228800e+04	1.219600e+04	1.306400e+04	1.270100e+04	1.247700e+04	1.322500e+04	1.292900e+04	1.326200e+04	1.297600e+04	1.241700e+04	9.122000e+03	1.276300e+04	1.270400e+04	1.269000e+04	1.244700e+04	1.261600e+04	1.292200e+04	9.506000e+03	5.610000e+03	6.510000e+02	6.560000e+02	6.290000e+02	6.490000e+02	6.680000e+02	6.170000e+02	6.080000e+02	6.280000e+02	6.290000e+02	5.960000e+02	5.860000e+02	6.240000e+02	5.910000e+02	6.000000e+02	6.480000e+02	6.060000e+02	6.440000e+02	6.030000e+02	5.610000e+02	5.650000e+02	5.980000e+02
5.080000e+02	5.000000e+02	4.750000e+02	5.000000e+02	5.280000e+02	5.080000e+02	5.090000e+02	4.570000e+02	4.280000e+02	5.180000e+02	5.430000e+02	5.680000e+02	5.700000e+02	5.590000e+02	5.780000e+02	5.840000e+02	6.220000e+02	2.111000e+03	1.357000e+03	6.066000e+03	8.862000e+03	9.023000e+03	9.030000e+03	9.958000e+03	1.038800e+04	1.056600e+04	1.053000e+04	1.063300e+04	1.086400e+04	1.081400e+04	1.112900e+04	1.175700e+04	1.203800e+04	1.180700e+04	1.227200e+04	1.259700e+04	1.228200e+04	1.273700e+04	1.153300e+04	1.255500e+04	1.334200e+04	1.152900e+04	1.337700e+04	1.267000e+04	1.321200e+04	1.303100e+04	1.220200e+04	1.253500e+04	9.084000e+03	1.218600e+04	1.197600e+04	1.202400e+04	1.160200e+04	1.296900e+04	6.360000e+02	6.330000e+02	6.740000e+02	6.520000e+02	5.950000e+02	6.850000e+02	5.880000e+02	5.720000e+02	6.200000e+02	6.050000e+02	6.250000e+02	6.480000e+02	6.160000e+02	6.710000e+02	6.360000e+02	6.630000e+02	5.970000e+02	5.650000e+02	6.230000e+02	5.980000e+02	5.990000e+02
4.910000e+02	5.330000e+02	5.280000e+02	4.810000e+02	5.300000e+02	5.300000e+02	4.800000e+02	4.320000e+02	4.970000e+02	4.920000e+02	5.280000e+02	5.340000e+02	5.610000e+02	5.620000e+02	6.030000e+02	5.530000e+02	5.660000e+02	7.960000e+02	1.588000e+03	8.646000e+03	9.075000e+03	9.224000e+03	9.878000e+03	1.021500e+04	1.008400e+04	1.070600e+04	1.085900e+04	1.081200e+04	1.086000e+04	1.114900e+04	1.146600e+04	1.216200e+04	1.216800e+04	7.453000e+03	1.184300e+04	1.215500e+04	1.246700e+04	1.312200e+04	1.293600e+04	1.313600e+04	1.349900e+04	1.347700e+04	1.343000e+04	1.269400e+04	1.290100e+04	1.295300e+04	1.287400e+04	1.292200e+04	1.270500e+04	1.254100e+04	1.256500e+04	1.263400e+04	1.245000e+04	1.242200e+04	9.080000e+02	1.857000e+03	6.390000e+02	6.320000e+02	6.920000e+02	5.730000e+02	6.470000e+02	6.190000e+02	5.820000e+02	5.960000e+02	5.720000e+02	6.700000e+02	6.090000e+02	6.520000e+02	6.090000e+02	5.710000e+02	5.810000e+02	6.130000e+02	5.930000e+02	5.930000e+02	5.960000e+02
5.350000e+02	4.950000e+02	5.490000e+02	4.450000e+02	5.530000e+02	4.790000e+02	4.850000e+02	4.280000e+02	4.850000e+02	5.150000e+02	5.700000e+02	5.560000e+02	5.440000e+02	5.880000e+02	5.420000e+02	5.700000e+02	5.720000e+02	1.109000e+03	1.149000e+03	8.550000e+03	6.266000e+03	9.504000e+03	9.837000e+03	1.011900e+04	1.050600e+04	1.065800e+04	9.776000e+03	1.081100e+04	1.027600e+04	1.121300e+04	1.139800e+04	1.140600e+04	1.224000e+04	9.867000e+03	1.223000e+04	1.284700e+04	1.240000e+04	1.265100e+04	1.331800e+04	1.320900e+04	1.324500e+04	1.363900e+04	1.280400e+04	1.350800e+04	1.289200e+04	1.265300e+04	1.287700e+04	1.271900e+04	5.965000e+03	1.203000e+04	1.217500e+04	1.175700e+04	1.100500e+04	1.178600e+04	2.314000e+03	7.540000e+02	6.260000e+02	6.350000e+02	6.610000e+02	6.090000e+02	6.450000e+02	5.870000e+02	6.060000e+02	5.710000e+02	6.060000e+02	6.110000e+02	6.300000e+02	5.810000e+02	6.020000e+02	6.330000e+02	6.320000e+02	6.190000e+02	5.450000e+02	5.840000e+02	6.010000e+02
5.660000e+02	5.410000e+02	5.680000e+02	4.790000e+02	5.310000e+02	5.120000e+02	4.830000e+02	4.620000e+02	5.580000e+02	4.840000e+02	5.590000e+02	5.810000e+02	5.310000e+02	5.110000e+02	5.720000e+02	5.260000e+02	6.030000e+02	7.150000e+02	2.956000e+03	8.910000e+03	9.546000e+03	8.636000e+03	1.008400e+04	9.974000e+03	1.082500e+04	1.090600e+04	9.894000e+03	1.088100e+04	1.092600e+04	1.100700e+04	1.135600e+04	1.230100e+04	1.206100e+04	1.049200e+04	1.252300e+04	1.314900e+04	1.303500e+04	1.307600e+04	1.336900e+04	1.019800e+04	1.329400e+04	1.333500e+04	1.390000e+04	1.330900e+04	1.329800e+04	1.310900e+04	1.299000e+04	1.176900e+04	1.251400e+04	1.293700e+04	1.244700e+04	1.246000e+04	1.314800e+04	1.213400e+04	1.328300e+04	1.084000e+03	7.280000e+02	6.270000e+02	6.470000e+02	6.280000e+02	5.920000e+02	6.470000e+02	6.380000e+02	5.810000e+02	6.090000e+02	5.780000e+02	6.480000e+02	6.560000e+02	6.030000e+02	5.520000e+02	5.500000e+02	6.000000e+02	5.750000e+02	5.660000e+02	6.230000e+02
5.160000e+02	5.110000e+02	5.430000e+02	4.420000e+02	5.520000e+02	5.410000e+02	4.520000e+02	4.560000e+02	5.120000e+02	4.890000e+02	5.180000e+02	5.050000e+02	5.550000e+02	5.410000e+02	6.120000e+02	5.890000e+02	5.840000e+02	6.510000e+02	5.925000e+03	7.578000e+03	9.363000e+03	9.657000e+03	1.007200e+04	9.754000e+03	1.011700e+04	1.065300e+04	1.016400e+04	1.132000e+04	1.094000e+04	1.138900e+04	1.143200e+04	1.191600e+04	1.262600e+04	1.248100e+04	1.271600e+04	1.240400e+04	1.297700e+04	1.256700e+04	1.332500e+04	1.319100e+04	1.326400e+04	1.267000e+04	1.366500e+04	1.326800e+04	1.308400e+04	1.315600e+04	1.290100e+04	1.221200e+04	1.378400e+04	1.280000e+04	1.282900e+04	1.246000e+04	1.233900e+04	1.228800e+04	1.186400e+04	1.743000e+03	7.760000e+02	5.700000e+02	6.310000e+02	6.020000e+02	6.320000e+02	6.360000e+02	5.750000e+02	5.950000e+02	6.370000e+02	6.350000e+02	5.910000e+02	6.910000e+02	6.020000e+02	6.070000e+02	6.660000e+02	6.060000e+02	5.520000e+02	5.420000e+02	5.820000e+02
5.350000e+02	5.450000e+02	4.920000e+02	4.660000e+02	4.730000e+02	5.610000e+02	4.650000e+02	5.100000e+02	4.730000e+02	4.820000e+02	5.600000e+02	5.390000e+02	5.660000e+02	5.590000e+02	5.870000e+02	5.680000e+02	1.842000e+03	6.790000e+02	7.784000e+03	8.765000e+03	9.135000e+03	9.705000e+03	1.035900e+04	9.829000e+03	1.049600e+04	1.053600e+04	1.007400e+04	1.096400e+04	1.112900e+04	1.099400e+04	1.154900e+04	1.202000e+04	1.258600e+04	1.258300e+04	1.276600e+04	1.309300e+04	1.285200e+04	1.315900e+04	1.338300e+04	1.370000e+04	1.345400e+04	1.348600e+04	1.374900e+04	1.312400e+04	1.326000e+04	1.321600e+04	1.290000e+04	1.306900e+04	1.321300e+04	1.308700e+04	1.250000e+04	1.210200e+04	1.196500e+04	1.201500e+04	1.233100e+04	1.076100e+04	6.590000e+02	6.930000e+02	6.100000e+02	6.070000e+02	6.590000e+02	6.660000e+02	6.080000e+02	5.690000e+02	5.740000e+02	6.200000e+02	6.370000e+02	5.790000e+02	5.960000e+02	6.270000e+02	5.950000e+02	6.030000e+02	5.770000e+02	6.050000e+02	5.920000e+02
4.960000e+02	4.940000e+02	5.270000e+02	4.410000e+02	5.040000e+02	4.740000e+02	4.550000e+02	4.550000e+02	4.850000e+02	4.860000e+02	5.580000e+02	5.270000e+02	6.340000e+02	5.710000e+02	5.580000e+02	5.790000e+02	1.115000e+03	1.090000e+03	7.473000e+03	5.923000e+03	9.192000e+03	7.414000e+03	1.009600e+04	9.989000e+03	1.078600e+04	1.056400e+04	1.007700e+04	1.140600e+04	1.111100e+04	1.050300e+04	1.154400e+04	1.168200e+04	1.203200e+04	1.255300e+04	1.243500e+04	1.271300e+04	1.309900e+04	1.242900e+04	1.334800e+04	1.360600e+04	1.327400e+04	1.338800e+04	1.081100e+04	8.001000e+03	1.311800e+04	1.289000e+04	1.323900e+04	1.321400e+04	1.342500e+04	1.279000e+04	1.265400e+04	1.247900e+04	1.153200e+04	1.183800e+04	1.197700e+04	5.430000e+03	8.040000e+02	6.840000e+02	6.340000e+02	2.380000e+03	6.270000e+02	6.100000e+02	5.770000e+02	5.920000e+02	5.860000e+02	6.180000e+02	6.440000e+02	6.050000e+02	6.530000e+02	6.310000e+02	5.860000e+02	6.180000e+02	5.670000e+02	5.630000e+02	5.790000e+02
4.840000e+02	4.550000e+02	4.780000e+02	4.980000e+02	4.710000e+02	4.830000e+02	4.860000e+02	5.110000e+02	5.050000e+02	5.420000e+02	5.490000e+02	5.230000e+02	5.800000e+02	5.890000e+02	5.690000e+02	6.250000e+02	6.020000e+02	1.489000e+03	5.458000e+03	8.414000e+03	9.282000e+03	9.710000e+03	1.009700e+04	9.499000e+03	1.064700e+04	1.083100e+04	9.694000e+03	1.105700e+04	1.107200e+04	1.136400e+04	1.167900e+04	1.173200e+04	1.200000e+04	1.277300e+04	1.280900e+04	1.241500e+04	1.270700e+04	1.336900e+04	1.348100e+04	1.326800e+04	1.270600e+04	1.342200e+04	1.361900e+04	1.327500e+04	1.334500e+04	1.263500e+04	1.283700e+04	1.312700e+04	1.339600e+04	1.229600e+04	1.252600e+04	1.229100e+04	1.154000e+04	1.162500e+04	1.098000e+04	1.085600e+04	6.786000e+03	6.910000e+02	6.170000e+02	1.522000e+03	1.397000e+03	7.900000e+02	6.260000e+02	5.510000e+02	6.140000e+02	5.780000e+02	5.860000e+02	6.310000e+02	6.250000e+02	6.020000e+02	6.080000e+02	6.250000e+02	5.710000e+02	5.800000e+02	5.640000e+02
5.140000e+02	5.350000e+02	5.130000e+02	4.890000e+02	5.020000e+02	4.770000e+02	4.380000e+02	4.780000e+02	5.010000e+02	5.540000e+02	5.620000e+02	5.160000e+02	5.890000e+02	6.150000e+02	5.520000e+02	5.910000e+02	5.660000e+02	1.186000e+03	3.033000e+03	8.004000e+03	9.441000e+03	9.655000e+03	9.963000e+03	8.910000e+03	9.850000e+03	1.035800e+04	1.019100e+04	1.063100e+04	1.036100e+04	1.134600e+04	1.177900e+04	1.164200e+04	1.220200e+04	1.240100e+04	1.308600e+04	1.276600e+04	1.269200e+04	1.282100e+04	1.298200e+04	1.325300e+04	1.326700e+04	1.343100e+04	1.299000e+04	1.277200e+04	1.359800e+04	1.271400e+04	1.142900e+04	1.310500e+04	1.320000e+04	1.246000e+04	1.202400e+04	1.182200e+04	1.110100e+04	1.141400e+04	1.174000e+04	1.260500e+04	1.182300e+04	6.850000e+02	6.250000e+02	5.970000e+02	6.520000e+02	6.000000e+02	5.860000e+02	6.070000e+02	5.710000e+02	6.290000e+02	5.960000e+02	6.290000e+02	6.050000e+02	6.410000e+02	5.560000e+02	6.000000e+02	5.930000e+02	5.930000e+02	5.990000e+02
5.150000e+02	4.720000e+02	5.520000e+02	4.790000e+02	5.050000e+02	4.840000e+02	4.170000e+02	4.890000e+02	5.170000e+02	4.760000e+02	5.340000e+02	5.560000e+02	5.230000e+02	5.960000e+02	5.430000e+02	6.070000e+02	5.960000e+02	6.140000e+02	2.428000e+03	8.749000e+03	9.051000e+03	9.881000e+03	1.017600e+04	9.366000e+03	1.021200e+04	1.053500e+04	1.070900e+04	1.089500e+04	1.013400e+04	1.097400e+04	1.175600e+04	1.085700e+04	1.202800e+04	1.229400e+04	1.251100e+04	1.270000e+04	1.277300e+04	1.325400e+04	1.327600e+04	1.319100e+04	1.262400e+04	1.292200e+04	1.275200e+04	1.311200e+04	1.319600e+04	1.274900e+04	9.151000e+03	1.273700e+04	1.276700e+04	1.252000e+04	1.235400e+04	1.229300e+04	1.162500e+04	1.077500e+04	1.285100e+04	1.285600e+04	1.350300e+04	1.763000e+03	6.490000e+02	5.980000e+02	6.150000e+02	6.060000e+02	6.240000e+02	5.530000e+02	6.030000e+02	6.340000e+02	5.840000e+02	6.420000e+02	5.800000e+02	5.820000e+02	5.960000e+02	6.380000e+02	5.430000e+02	5.590000e+02	5.810000e+02
4.980000e+02	4.970000e+02	5.210000e+02	5.130000e+02	5.030000e+02	4.760000e+02	5.040000e+02	4.850000e+02	5.380000e+02	4.810000e+02	5.800000e+02	5.670000e+02	5.860000e+02	5.710000e+02	5.930000e+02	6.050000e+02	5.660000e+02	6.190000e+02	1.093000e+03	8.138000e+03	9.491000e+03	9.950000e+03	1.013200e+04	9.563000e+03	1.013100e+04	1.022900e+04	1.035900e+04	1.090900e+04	1.068600e+04	1.094900e+04	1.092400e+04	1.184900e+04	1.220400e+04	1.212900e+04	1.251200e+04	1.204500e+04	1.295000e+04	1.271800e+04	1.273800e+04	1.236700e+04	1.295500e+04	1.252900e+04	1.324000e+04	1.330800e+04	8.855000e+03	1.303100e+04	1.292700e+04	1.316300e+04	1.337800e+04	1.164500e+04	7.601000e+03	1.197100e+04	1.259600e+04	1.130900e+04	1.160000e+04	1.169400e+04	1.219400e+04	2.243000e+03	6.510000e+02	6.290000e+02	6.170000e+02	6.020000e+02	6.220000e+02	6.610000e+02	6.160000e+02	6.330000e+02	6.120000e+02	6.080000e+02	5.740000e+02	6.350000e+02	6.110000e+02	5.710000e+02	5.520000e+02	5.090000e+02	5.510000e+02
4.800000e+02	5.240000e+02	4.810000e+02	4.940000e+02	5.130000e+02	5.090000e+02	4.550000e+02	4.810000e+02	5.200000e+02	5.160000e+02	5.370000e+02	5.730000e+02	5.360000e+02	5.420000e+02	5.960000e+02	5.890000e+02	5.710000e+02	5.990000e+02	2.031000e+03	6.141000e+03	9.376000e+03	9.503000e+03	1.008300e+04	9.635000e+03	1.076100e+04	1.040800e+04	1.067400e+04	1.079000e+04	1.011500e+04	1.051200e+04	1.143500e+04	1.138400e+04	1.206500e+04	1.240700e+04	1.222200e+04	1.193700e+04	1.180200e+04	1.277200e+04	1.249000e+04	1.197600e+04	1.218000e+04	1.264500e+04	1.166600e+04	1.241000e+04	1.171700e+04	1.337100e+04	1.240900e+04	1.289300e+04	1.260800e+04	1.184000e+04	5.079000e+03	1.147900e+04	7.188000e+03	1.089600e+04	1.155300e+04	8.076000e+03	1.201000e+04	2.852000e+03	2.387000e+03	6.470000e+02	6.650000e+02	6.370000e+02	6.180000e+02	6.100000e+02	6.550000e+02	6.200000e+02	6.160000e+02	5.890000e+02	6.220000e+02	5.910000e+02	5.900000e+02	6.360000e+02	6.150000e+02	6.180000e+02	6.020000e+02
5.230000e+02	4.830000e+02	4.750000e+02	5.030000e+02	5.260000e+02	5.210000e+02	4.330000e+02	4.690000e+02	4.840000e+02	5.330000e+02	5.850000e+02	5.790000e+02	5.830000e+02	5.480000e+02	5.830000e+02	5.590000e+02	5.710000e+02	5.980000e+02	1.150000e+03	4.226000e+03	9.413000e+03	9.444000e+03	1.014000e+04	9.641000e+03	1.049100e+04	9.793000e+03	1.042500e+04	1.084100e+04	1.037000e+04	1.009100e+04	1.161400e+04	1.143200e+04	1.157700e+04	1.110600e+04	1.240500e+04	1.184100e+04	1.229000e+04	1.128800e+04	1.048000e+04	8.941000e+03	1.076200e+04	9.915000e+03	1.221600e+04	1.237800e+04	1.291700e+04	1.327400e+04	1.319900e+04	6.356000e+03	1.235500e+04	1.237200e+04	1.523000e+04	1.176000e+04	1.198200e+04	1.145400e+04	9.925000e+03	1.044800e+04	1.145100e+04	8.257000e+03	1.474000e+03	6.010000e+02	6.550000e+02	6.280000e+02	6.560000e+02	6.450000e+02	5.730000e+02	5.780000e+02	6.330000e+02	5.930000e+02	6.360000e+02	6.000000e+02	6.090000e+02	5.890000e+02	5.500000e+02	5.720000e+02	5.790000e+02
5.270000e+02	5.370000e+02	5.260000e+02	4.720000e+02	5.520000e+02	4.790000e+02	4.600000e+02	4.970000e+02	5.400000e+02	5.360000e+02	5.700000e+02	5.830000e+02	5.710000e+02	5.450000e+02	5.690000e+02	5.370000e+02	5.910000e+02	6.170000e+02	8.090000e+02	3.790000e+03	9.250000e+03	9.780000e+03	1.036100e+04	6.977000e+03	9.610000e+03	9.749000e+03	1.012500e+04	1.036700e+04	9.634000e+03	1.753000e+03	1.041800e+04	1.135600e+04	9.136000e+03	1.155800e+04	1.039100e+04	7.935000e+03	9.493000e+03	5.818000e+03	6.973000e+03	6.808000e+03	8.602000e+03	9.546000e+03	1.206600e+04	1.223600e+04	1.253300e+04	1.263200e+04	9.210000e+03	1.221400e+04	1.412200e+04	1.508400e+04	1.401300e+04	1.199300e+04	1.323200e+04	1.068900e+04	1.205100e+04	1.254800e+04	1.175100e+04	2.161000e+03	1.992000e+03	6.760000e+02	7.600000e+02	6.300000e+02	5.840000e+02	6.480000e+02	6.330000e+02	5.970000e+02	6.110000e+02	6.310000e+02	6.340000e+02	5.910000e+02	6.110000e+02	6.650000e+02	5.580000e+02	6.240000e+02	6.000000e+02
5.200000e+02	5.200000e+02	5.210000e+02	4.420000e+02	5.170000e+02	5.240000e+02	3.870000e+02	4.800000e+02	4.610000e+02	4.580000e+02	5.170000e+02	5.150000e+02	5.660000e+02	5.970000e+02	5.900000e+02	5.630000e+02	6.060000e+02	6.080000e+02	6.000000e+02	2.369000e+03	9.255000e+03	9.769000e+03	1.000300e+04	8.842000e+03	1.021300e+04	9.269000e+03	9.446000e+03	2.186000e+03	1.497000e+03	1.790000e+03	1.093100e+04	1.000900e+04	5.971000e+03	8.029000e+03	7.721000e+03	7.353000e+03	8.283000e+03	1.993000e+03	7.648000e+03	5.731000e+03	7.080000e+03	9.376000e+03	1.118400e+04	1.253400e+04	1.202600e+04	1.159800e+04	1.206900e+04	1.268400e+04	1.199800e+04	1.314600e+04	9.791000e+03	1.081500e+04	9.350000e+03	1.123100e+04	6.120000e+03	1.131900e+04	1.139700e+04	2.443000e+03	4.800000e+03	4.439000e+03	3.748000e+03	6.510000e+02	5.850000e+02	5.880000e+02	6.030000e+02	5.920000e+02	6.240000e+02	6.310000e+02	6.250000e+02	5.890000e+02	5.860000e+02	5.640000e+02	6.280000e+02	5.800000e+02	5.580000e+02
5.300000e+02	5.000000e+02	4.800000e+02	4.810000e+02	5.240000e+02	5.060000e+02	4.900000e+02	4.420000e+02	4.800000e+02	4.800000e+02	4.750000e+02	6.350000e+02	5.500000e+02	5.320000e+02	5.930000e+02	5.600000e+02	5.820000e+02	5.880000e+02	6.330000e+02	1.411000e+03	8.807000e+03	9.507000e+03	9.801000e+03	8.979000e+03	9.854000e+03	5.201000e+03	9.103000e+03	9.220000e+02	2.903000e+03	2.028000e+03	1.994000e+03	5.274000e+03	6.736000e+03	9.579000e+03	4.463000e+03	5.271000e+03	5.562000e+03	4.481000e+03	4.991000e+03	6.022000e+03	7.988000e+03	1.076200e+04	1.152500e+04	1.226900e+04	1.259200e+04	1.231400e+04	1.227300e+04	1.205100e+04	1.157800e+04	1.148400e+04	1.173100e+04	1.133300e+04	1.192600e+04	9.947000e+03	1.089900e+04	1.076500e+04	1.026600e+04	8.031000e+03	3.585000e+03	2.097000e+03	5.940000e+02	6.140000e+02	6.660000e+02	6.180000e+02	6.570000e+02	6.210000e+02	6.200000e+02	6.650000e+02	6.290000e+02	6.060000e+02	5.900000e+02	6.070000e+02	5.810000e+02	5.740000e+02	6.120000e+02
5.250000e+02	5.530000e+02	5.370000e+02	5.170000e+02	5.140000e+02	5.070000e+02	4.560000e+02	4.940000e+02	4.670000e+02	5.260000e+02	5.550000e+02	5.820000e+02	6.300000e+02	5.640000e+02	6.020000e+02	6.070000e+02	5.400000e+02	6.030000e+02	6.630000e+02	8.260000e+02	5.194000e+03	9.627000e+03	9.914000e+03	9.133000e+03	9.965000e+03	5.269000e+03	1.437000e+03	1.711000e+03	9.720000e+02	1.919000e+03	1.668000e+03	2.554000e+03	3.121000e+03	5.958000e+03	4.828000e+03	6.987000e+03	6.617000e+03	9.961000e+03	9.467000e+03	1.122200e+04	1.085200e+04	1.181900e+04	1.111600e+04	1.240500e+04	1.181700e+04	1.216800e+04	1.200400e+04	1.204600e+04	1.183300e+04	1.219100e+04	1.028700e+04	1.135500e+04	9.643000e+03	1.128000e+04	9.626000e+03	1.020200e+04	1.292100e+04	1.053200e+04	9.987000e+03	3.891000e+03	9.600000e+02	6.340000e+02	6.400000e+02	5.930000e+02	5.790000e+02	6.980000e+02	6.040000e+02	5.860000e+02	6.500000e+02	6.230000e+02	6.130000e+02	5.940000e+02	5.510000e+02	5.460000e+02	5.840000e+02
6.120000e+02	5.170000e+02	4.780000e+02	4.820000e+02	5.600000e+02	4.530000e+02	4.750000e+02	5.140000e+02	5.010000e+02	5.740000e+02	5.470000e+02	5.830000e+02	5.810000e+02	5.670000e+02	6.200000e+02	6.030000e+02	5.820000e+02	5.970000e+02	6.170000e+02	6.560000e+02	4.234000e+03	9.629000e+03	9.767000e+03	9.445000e+03	1.015900e+04	7.542000e+03	1.873000e+03	3.822000e+03	1.980000e+03	1.820000e+03	1.467000e+03	8.524000e+03	9.303000e+03	1.039200e+04	9.898000e+03	1.125300e+04	1.105000e+04	1.134100e+04	1.186100e+04	1.173100e+04	1.202500e+04	1.206000e+04	1.141600e+04	1.236700e+04	1.205000e+04	1.198000e+04	1.193700e+04	1.148000e+04	1.146400e+04	7.695000e+03	1.156100e+04	1.086900e+04	1.088800e+04	1.053600e+04	1.106600e+04	1.125500e+04	1.108700e+04	1.005300e+04	5.009000e+03	3.105000e+03	1.234000e+03	2.060000e+03	6.650000e+02	6.540000e+02	6.460000e+02	6.240000e+02	7.280000e+02	6.460000e+02	5.640000e+02	6.870000e+02	6.550000e+02	6.540000e+02	6.210000e+02	6.290000e+02	6.440000e+02
5.380000e+02	5.520000e+02	5.340000e+02	5.520000e+02	5.670000e+02	5.140000e+02	5.710000e+02	5.450000e+02	5.920000e+02	5.900000e+02	5.880000e+02	6.810000e+02	5.820000e+02	6.270000e+02	6.550000e+02	6.720000e+02	6.330000e+02	6.560000e+02	6.530000e+02	6.700000e+02	1.451000e+03	9.294000e+03	9.884000e+03	9.049000e+03	9.789000e+03	8.875000e+03	9.316000e+03	8.571000e+03	6.486000e+03	8.833000e+03	9.412000e+03	9.944000e+03	1.058500e+04	1.093000e+04	1.049600e+04	1.063200e+04	1.133500e+04	1.173600e+04	1.201400e+04	1.193700e+04	1.210000e+04	1.198400e+04	1.205600e+04	1.235200e+04	1.238900e+04	1.172700e+04	1.183000e+04	1.196900e+04	1.175600e+04	1.096600e+04	1.187500e+04	1.088700e+04	1.207200e+04	5.755000e+03	1.141800e+04	1.029300e+04	1.038400e+04	3.720000e+03	6.670000e+03	9.023000e+03	4.096000e+03	7.550000e+02	7.110000e+02	7.360000e+02	7.950000e+02	6.810000e+02	6.990000e+02	7.560000e+02	7.220000e+02	6.890000e+02	7.250000e+02	7.260000e+02	7.040000e+02	6.770000e+02	6.840000e+02
9.830000e+02	8.760000e+02	8.550000e+02	9.130000e+02	8.540000e+02	8.620000e+02	9.020000e+02	9.400000e+02	8.630000e+02	9.260000e+02	1.010000e+03	9.950000e+02	9.960000e+02	9.400000e+02	1.027000e+03	1.133000e+03	9.890000e+02	9.260000e+02	1.058000e+03	9.810000e+02	1.218000e+03	4.328000e+03	9.920000e+03	1.048200e+04	1.042600e+04	9.992000e+03	9.998000e+03	9.966000e+03	9.508000e+03	9.838000e+03	9.824000e+03	1.056400e+04	1.074000e+04	1.118700e+04	1.169900e+04	1.182600e+04	1.155700e+04	8.773000e+03	1.190600e+04	1.231900e+04	1.250800e+04	1.208400e+04	1.227200e+04	1.249400e+04	1.238100e+04	1.219300e+04	1.237700e+04	1.194800e+04	1.177000e+04	1.131600e+04	1.249900e+04	1.187700e+04	1.206300e+04	1.093500e+04	5.697000e+03	1.116000e+04	1.065900e+04	1.049600e+04	1.020300e+04	1.168700e+04	1.597000e+03	1.437000e+03	1.056000e+03	1.159000e+03	1.177000e+03	1.142000e+03	1.055000e+03	1.082000e+03	1.126000e+03	1.222000e+03	1.069000e+03	1.138000e+03	1.030000e+03	1.176000e+03	9.940000e+02
9.030000e+02	7.070000e+02	8.780000e+02	7.160000e+02	8.580000e+02	6.430000e+02	8.300000e+02	6.960000e+02	8.740000e+02	6.760000e+02	9.820000e+02	7.670000e+02	9.270000e+02	8.020000e+02	9.460000e+02	7.910000e+02	1.084000e+03	7.720000e+02	1.048000e+03	8.320000e+02	1.599000e+03	2.629000e+03	9.510000e+03	9.793000e+03	1.032700e+04	9.581000e+03	9.608000e+03	9.537000e+03	8.051000e+03	9.953000e+03	1.051700e+04	1.103200e+04	1.136100e+04	1.108200e+04	1.106000e+04	1.142400e+04	1.164500e+04	1.213500e+04	1.162400e+04	1.152900e+04	1.221700e+04	1.202400e+04	1.219800e+04	1.197300e+04	1.186700e+04	1.181800e+04	1.241200e+04	1.182700e+04	1.183000e+04	1.114200e+04	1.061300e+04	1.084800e+04	1.033200e+04	1.165100e+04	1.028300e+04	9.632000e+03	1.000100e+04	1.099300e+04	7.661000e+03	1.103200e+04	2.330000e+03	1.138000e+03	9.750000e+02	1.055000e+03	9.870000e+02	1.196000e+03	1.025000e+03	1.060000e+03	1.006000e+03	1.102000e+03	1.033000e+03	1.138000e+03	9.460000e+02	1.153000e+03	1.000000e+03
9.070000e+02	6.560000e+02	7.200000e+02	5.970000e+02	7.220000e+02	6.470000e+02	8.430000e+02	5.840000e+02	7.950000e+02	6.860000e+02	8.560000e+02	7.090000e+02	9.060000e+02	7.320000e+02	9.270000e+02	7.520000e+02	9.100000e+02	7.750000e+02	9.260000e+02	7.160000e+02	1.474000e+03	3.434000e+03	9.320000e+03	9.235000e+03	9.904000e+03	9.374000e+03	9.428000e+03	9.095000e+03	9.327000e+03	9.653000e+03	1.048500e+04	1.068100e+04	1.103800e+04	1.089400e+04	1.122400e+04	1.086400e+04	1.173300e+04	1.142000e+04	1.139300e+04	1.146500e+04	1.195200e+04	1.160700e+04	1.165100e+04	1.163200e+04	1.189200e+04	1.124400e+04	1.154800e+04	1.146900e+04	1.158200e+04	1.058400e+04	1.208100e+04	1.022800e+04	1.011300e+04	1.091700e+04	9.418000e+03	9.819000e+03	9.860000e+03	1.009300e+04	1.106600e+04	9.693000e+03	1.089200e+04	4.119000e+03	1.148000e+03	8.140000e+02	1.173000e+03	8.680000e+02	1.237000e+03	8.180000e+02	1.128000e+03	8.640000e+02	1.079000e+03	7.900000e+02	1.148000e+03	8.260000e+02	1.141000e+03
5.530000e+02	6.640000e+02	5.900000e+02	4.840000e+02	5.730000e+02	5.240000e+02	5.330000e+02	5.310000e+02	5.150000e+02	5.870000e+02	6.180000e+02	6.030000e+02	6.360000e+02	6.340000e+02	7.040000e+02	6.310000e+02	6.300000e+02	6.120000e+02	7.350000e+02	6.300000e+02	1.080000e+03	1.327000e+03	9.586000e+03	7.652000e+03	9.650000e+03	9.573000e+03	9.059000e+03	9.223000e+03	4.192000e+03	9.576000e+03	1.005000e+04	1.041300e+04	1.048400e+04	1.039000e+04	1.065000e+04	1.059600e+04	1.102700e+04	1.115400e+04	1.095500e+04	1.115400e+04	1.166300e+04	1.124400e+04	1.139200e+04	1.129000e+04	8.885000e+03	1.092500e+04	1.115800e+04	1.093000e+04	1.026800e+04	1.082000e+04	1.165100e+04	1.059400e+04	1.144900e+04	7.333000e+03	5.991000e+03	8.933000e+03	1.095800e+04	7.025000e+03	9.530000e+03	8.123000e+03	9.924000e+03	9.201000e+03	8.210000e+02	6.810000e+02	7.040000e+02	6.380000e+02	7.510000e+02	7.080000e+02	7.560000e+02	7.020000e+02	7.060000e+02	6.660000e+02	6.510000e+02	6.620000e+02	6.660000e+02
5.620000e+02	5.360000e+02	5.040000e+02	5.280000e+02	5.490000e+02	5.510000e+02	5.200000e+02	5.660000e+02	5.790000e+02	5.180000e+02	5.700000e+02	5.900000e+02	5.490000e+02	5.700000e+02	5.300000e+02	5.730000e+02	5.970000e+02	5.920000e+02	6.060000e+02	6.600000e+02	6.790000e+02	6.380000e+02	2.226000e+03	7.598000e+03	8.580000e+03	9.319000e+03	9.195000e+03	9.153000e+03	9.288000e+03	9.575000e+03	9.514000e+03	9.438000e+03	1.013800e+04	1.012500e+04	1.059700e+04	1.031900e+04	1.085300e+04	1.081400e+04	1.081700e+04	1.085700e+04	1.099100e+04	1.126900e+04	1.147500e+04	1.106900e+04	1.075500e+04	1.091100e+04	1.093800e+04	1.072200e+04	1.122800e+04	6.951000e+03	5.679000e+03	9.220000e+03	8.396000e+03	8.163000e+03	6.104000e+03	8.013000e+03	8.511000e+03	7.080000e+03	8.381000e+03	6.848000e+03	7.985000e+03	8.477000e+03	8.680000e+02	7.010000e+02	6.640000e+02	6.840000e+02	7.140000e+02	6.970000e+02	6.530000e+02	6.830000e+02	6.580000e+02	6.610000e+02	6.280000e+02	5.930000e+02	6.340000e+02
6.450000e+02	6.300000e+02	5.800000e+02	5.620000e+02	5.890000e+02	5.950000e+02	6.020000e+02	5.710000e+02	6.230000e+02	6.330000e+02	6.260000e+02	6.530000e+02	5.690000e+02	6.270000e+02	6.110000e+02	6.760000e+02	7.090000e+02	7.380000e+02	7.060000e+02	6.650000e+02	6.800000e+02	8.540000e+02	5.659000e+03	9.024000e+03	9.570000e+03	9.193000e+03	9.482000e+03	9.110000e+03	9.377000e+03	9.494000e+03	6.609000e+03	7.387000e+03	9.472000e+03	1.013300e+04	1.032500e+04	1.005300e+04	1.086600e+04	1.041200e+04	1.097100e+04	1.070400e+04	1.094600e+04	1.092700e+04	4.086000e+03	1.104600e+04	1.080700e+04	1.031200e+04	1.207600e+04	1.153700e+04	1.050600e+04	9.443000e+03	8.606000e+03	6.921000e+03	7.933000e+03	5.171000e+03	6.150000e+03	8.179000e+03	8.631000e+03	8.341000e+03	8.739000e+03	8.093000e+03	8.084000e+03	2.222000e+03	2.693000e+03	7.190000e+02	8.360000e+02	6.400000e+02	8.320000e+02	7.070000e+02	8.050000e+02	6.300000e+02	8.350000e+02	6.590000e+02	7.710000e+02	5.910000e+02	8.550000e+02
6.480000e+02	6.940000e+02	5.940000e+02	6.360000e+02	5.990000e+02	5.950000e+02	5.420000e+02	5.970000e+02	6.260000e+02	5.960000e+02	6.600000e+02	6.810000e+02	7.000000e+02	7.640000e+02	6.280000e+02	7.150000e+02	6.140000e+02	7.400000e+02	1.667000e+03	9.780000e+02	6.980000e+02	8.210000e+02	2.616000e+03	9.279000e+03	9.572000e+03	8.966000e+03	9.174000e+03	8.696000e+03	9.100000e+03	9.199000e+03	9.286000e+03	9.711000e+03	9.980000e+03	9.922000e+03	1.009000e+04	1.053700e+04	1.066400e+04	1.042900e+04	9.850000e+03	1.072700e+04	1.091000e+04	9.621000e+03	1.116100e+04	1.159600e+04	1.029000e+04	1.050100e+04	7.554000e+03	1.063300e+04	1.025900e+04	1.016700e+04	5.428000e+03	8.888000e+03	6.360000e+03	4.735000e+03	4.151000e+03	7.502000e+03	8.297000e+03	7.160000e+03	7.955000e+03	9.267000e+03	1.542000e+03	2.098000e+03	1.527000e+03	7.660000e+02	7.340000e+02	7.740000e+02	7.540000e+02	7.470000e+02	8.050000e+02	7.370000e+02	6.460000e+02	6.760000e+02	6.550000e+02	6.690000e+02	7.250000e+02
7.010000e+02	9.060000e+02	6.660000e+02	8.710000e+02	6.890000e+02	8.600000e+02	6.730000e+02	8.670000e+02	6.390000e+02	8.940000e+02	7.320000e+02	9.270000e+02	8.480000e+02	9.990000e+02	7.860000e+02	1.011000e+03	7.530000e+02	1.015000e+03	8.180000e+02	1.080000e+03	2.675000e+03	1.046000e+03	1.046000e+03	8.354000e+03	1.005500e+04	9.222000e+03	9.212000e+03	8.571000e+03	9.268000e+03	9.401000e+03	9.383000e+03	9.644000e+03	8.997000e+03	1.009100e+04	9.813000e+03	1.060000e+04	1.066100e+04	1.119600e+04	1.057800e+04	1.159100e+04	1.223200e+04	1.115200e+04	1.201800e+04	1.007900e+04	1.096000e+04	1.102000e+04	8.097000e+03	1.128800e+04	9.200000e+03	1.026500e+04	9.699000e+03	8.281000e+03	5.517000e+03	6.866000e+03	5.303000e+03	6.348000e+03	8.690000e+03	9.503000e+03	7.254000e+03	2.529000e+03	9.650000e+02	1.940000e+03	1.351000e+03	8.570000e+02	9.750000e+02	8.750000e+02	1.023000e+03	8.160000e+02	1.016000e+03	9.450000e+02	1.022000e+03	8.510000e+02	9.840000e+02	7.620000e+02	9.560000e+02
7.310000e+02	6.300000e+02	6.490000e+02	5.550000e+02	5.910000e+02	5.750000e+02	6.850000e+02	5.760000e+02	6.680000e+02	6.190000e+02	7.150000e+02	6.790000e+02	7.800000e+02	6.550000e+02	7.680000e+02	6.910000e+02	8.190000e+02	7.050000e+02	1.777000e+03	7.450000e+02	8.040000e+02	7.660000e+02	9.030000e+02	7.442000e+03	6.671000e+03	8.382000e+03	9.019000e+03	8.773000e+03	9.307000e+03	9.115000e+03	9.105000e+03	9.328000e+03	9.639000e+03	9.678000e+03	9.598000e+03	6.115000e+03	1.074400e+04	1.013800e+04	1.040000e+04	7.646000e+03	1.099700e+04	9.978000e+03	1.153400e+04	8.220000e+03	1.059600e+04	6.966000e+03	1.022900e+04	5.055000e+03	7.390000e+03	8.191000e+03	9.183000e+03	9.727000e+03	5.418000e+03	4.758000e+03	4.269000e+03	3.190000e+03	7.687000e+03	7.376000e+03	4.601000e+03	8.280000e+02	1.458000e+03	9.260000e+02	9.530000e+02	7.260000e+02	9.000000e+02	7.650000e+02	8.440000e+02	7.380000e+02	9.400000e+02	7.550000e+02	9.010000e+02	6.790000e+02	7.760000e+02	7.140000e+02	8.460000e+02
6.090000e+02	6.490000e+02	5.810000e+02	5.930000e+02	6.050000e+02	6.070000e+02	5.850000e+02	6.460000e+02	5.680000e+02	5.490000e+02	6.570000e+02	6.800000e+02	6.580000e+02	6.930000e+02	6.250000e+02	6.830000e+02	6.730000e+02	6.770000e+02	2.983000e+03	8.660000e+02	6.920000e+02	7.410000e+02	7.840000e+02	1.544000e+03	9.071000e+03	8.685000e+03	8.819000e+03	9.105000e+03	9.209000e+03	8.358000e+03	8.866000e+03	8.958000e+03	8.153000e+03	7.003000e+03	9.295000e+03	2.713000e+03	9.260000e+03	8.274000e+03	6.857000e+03	9.150000e+03	1.131900e+04	7.959000e+03	7.757000e+03	7.819000e+03	6.720000e+03	7.901000e+03	7.219000e+03	9.187000e+03	9.217000e+03	9.645000e+03	6.665000e+03	9.024000e+03	7.836000e+03	6.923000e+03	6.876000e+03	2.865000e+03	5.816000e+03	9.550000e+02	8.890000e+02	7.940000e+02	8.130000e+02	6.580000e+02	7.660000e+02	6.940000e+02	8.310000e+02	7.160000e+02	7.870000e+02	7.370000e+02	8.040000e+02	6.940000e+02	8.660000e+02	6.280000e+02	8.150000e+02	7.080000e+02	7.720000e+02
6.620000e+02	1.185000e+03	5.860000e+02	8.680000e+02	6.550000e+02	9.840000e+02	7.000000e+02	9.190000e+02	6.800000e+02	9.890000e+02	6.910000e+02	1.132000e+03	7.740000e+02	1.164000e+03	7.290000e+02	1.135000e+03	7.450000e+02	1.204000e+03	8.050000e+02	6.141000e+03	2.013000e+03	1.226000e+03	8.320000e+02	1.629000e+03	9.092000e+03	8.066000e+03	7.921000e+03	7.048000e+03	7.145000e+03	7.522000e+03	7.363000e+03	8.931000e+03	5.632000e+03	8.938000e+03	4.724000e+03	8.829000e+03	1.015200e+04	9.380000e+03	7.465000e+03	9.404000e+03	1.066600e+04	6.882000e+03	9.229000e+03	9.981000e+03	8.900000e+03	8.048000e+03	9.416000e+03	9.536000e+03	9.532000e+03	9.742000e+03	9.158000e+03	6.765000e+03	3.429000e+03	7.369000e+03	4.897000e+03	2.928000e+03	9.690000e+02	1.342000e+03	9.340000e+02	1.166000e+03	8.600000e+02	1.126000e+03	7.450000e+02	1.166000e+03	8.470000e+02	1.206000e+03	7.940000e+02	1.088000e+03	8.040000e+02	1.010000e+03	8.260000e+02	1.037000e+03	7.040000e+02	1.031000e+03	6.750000e+02
9.850000e+02	1.143000e+03	9.430000e+02	8.800000e+02	9.210000e+02	9.910000e+02	9.800000e+02	9.710000e+02	1.056000e+03	9.740000e+02	1.102000e+03	1.105000e+03	1.202000e+03	1.125000e+03	1.158000e+03	1.112000e+03	1.075000e+03	1.115000e+03	1.014000e+03	1.946000e+03	1.229000e+03	1.147000e+03	1.293000e+03	1.432000e+03	8.934000e+03	8.423000e+03	8.345000e+03	5.905000e+03	7.328000e+03	8.388000e+03	8.587000e+03	9.195000e+03	6.819000e+03	5.715000e+03	6.054000e+03	6.874000e+03	1.053400e+04	1.027300e+04	1.114900e+04	1.028400e+04	9.785000e+03	4.048000e+03	4.626000e+03	6.894000e+03	7.009000e+03	7.272000e+03	7.221000e+03	1.006700e+04	8.084000e+03	9.275000e+03	6.821000e+03	6.271000e+03	6.978000e+03	2.128000e+03	2.214000e+03	1.590000e+03	1.256000e+03	1.517000e+03	1.342000e+03	1.478000e+03	1.251000e+03	1.540000e+03	1.202000e+03	1.322000e+03	1.198000e+03	1.434000e+03	1.200000e+03	1.439000e+03	1.303000e+03	1.449000e+03	1.152000e+03	1.335000e+03	1.104000e+03	1.197000e+03	1.093000e+03
1.255000e+03	1.128000e+03	9.870000e+02	9.040000e+02	9.310000e+02	9.650000e+02	8.590000e+02	8.480000e+02	9.780000e+02	9.990000e+02	1.039000e+03	1.093000e+03	1.244000e+03	1.181000e+03	1.178000e+03	1.289000e+03	1.260000e+03	1.333000e+03	1.217000e+03	1.225000e+03	1.336000e+03	1.288000e+03	1.245000e+03	1.565000e+03	8.699000e+03	8.531000e+03	7.114000e+03	7.816000e+03	7.692000e+03	8.849000e+03	9.152000e+03	9.256000e+03	8.363000e+03	9.190000e+03	5.809000e+03	7.938000e+03	7.744000e+03	8.660000e+03	7.808000e+03	7.727000e+03	7.152000e+03	9.904000e+03	6.522000e+03	7.889000e+03	5.135000e+03	6.090000e+03	8.463000e+03	4.383000e+03	4.177000e+03	2.447000e+03	3.689000e+03	2.911000e+03	3.143000e+03	2.427000e+03	1.621000e+03	1.688000e+03	1.177000e+03	1.524000e+03	1.230000e+03	1.513000e+03	1.126000e+03	1.463000e+03	1.178000e+03	1.430000e+03	1.205000e+03	1.456000e+03	1.201000e+03	1.640000e+03	1.262000e+03	1.542000e+03	1.188000e+03	1.411000e+03	1.073000e+03	1.359000e+03	1.161000e+03
1.613000e+03	1.407000e+03	1.267000e+03	1.161000e+03	1.201000e+03	1.259000e+03	1.217000e+03	1.235000e+03	1.351000e+03	1.492000e+03	1.335000e+03	1.617000e+03	1.487000e+03	1.537000e+03	1.689000e+03	1.671000e+03	1.546000e+03	1.609000e+03	1.655000e+03	1.711000e+03	2.159000e+03	2.215000e+03	1.955000e+03	2.128000e+03	3.558000e+03	9.948000e+03	9.094000e+03	9.011000e+03	9.599000e+03	9.798000e+03	9.320000e+03	5.869000e+03	7.279000e+03	7.347000e+03	9.916000e+03	9.961000e+03	9.669000e+03	8.550000e+03	1.127600e+04	9.479000e+03	8.599000e+03	6.425000e+03	8.084000e+03	1.000900e+04	9.633000e+03	7.210000e+03	7.004000e+03	3.474000e+03	2.770000e+03	3.340000e+03	3.576000e+03	2.865000e+03	3.502000e+03	2.380000e+03	2.794000e+03	2.375000e+03	2.527000e+03	2.245000e+03	2.615000e+03	2.208000e+03	2.488000e+03	2.211000e+03	2.291000e+03	2.055000e+03	2.374000e+03	1.981000e+03	2.305000e+03	2.310000e+03	2.475000e+03	2.131000e+03	2.153000e+03	2.075000e+03	1.987000e+03	2.049000e+03	2.126000e+03
1.586000e+03	1.443000e+03	1.399000e+03	9.890000e+02	1.386000e+03	9.300000e+02	1.273000e+03	9.220000e+02	1.381000e+03	9.350000e+02	1.478000e+03	1.107000e+03	1.580000e+03	1.142000e+03	1.568000e+03	1.103000e+03	1.679000e+03	1.149000e+03	1.904000e+03	1.139000e+03	1.753000e+03	1.341000e+03	2.040000e+03	1.316000e+03	2.465000e+03	6.002000e+03	9.289000e+03	8.128000e+03	7.716000e+03	8.513000e+03	9.018000e+03	4.149000e+03	7.320000e+03	9.084000e+03	6.496000e+03	9.503000e+03	9.746000e+03	8.981000e+03	5.600000e+03	7.559000e+03	9.946000e+03	9.533000e+03	9.759000e+03	8.673000e+03	8.663000e+03	4.304000e+03	4.219000e+03	3.415000e+03	4.109000e+03	2.104000e+03	2.805000e+03	2.132000e+03	2.068000e+03	2.020000e+03	2.002000e+03	1.979000e+03	1.938000e+03	1.962000e+03	1.961000e+03	1.978000e+03	1.865000e+03	1.840000e+03	1.791000e+03	1.795000e+03	1.821000e+03	1.608000e+03	1.801000e+03	1.744000e+03	1.749000e+03	1.649000e+03	1.777000e+03	1.582000e+03	1.611000e+03	1.611000e+03	1.779000e+03
2.514000e+03	1.445000e+03	1.734000e+03	1.427000e+03	1.693000e+03	1.428000e+03	1.599000e+03	1.235000e+03	1.771000e+03	1.317000e+03	1.701000e+03	1.393000e+03	1.825000e+03	1.419000e+03	1.892000e+03	1.434000e+03	1.875000e+03	1.429000e+03	1.993000e+03	1.590000e+03	2.091000e+03	1.719000e+03	2.053000e+03	1.777000e+03	2.658000e+03	2.514000e+03	4.755000e+03	8.544000e+03	8.292000e+03	8.654000e+03	9.479000e+03	6.979000e+03	9.236000e+03	9.020000e+03	1.010500e+04	9.562000e+03	1.048600e+04	9.412000e+03	1.074700e+04	9.502000e+03	1.054600e+04	9.976000e+03	1.047400e+04	9.684000e+03	7.095000e+03	3.757000e+03	4.216000e+03	3.136000e+03	3.160000e+03	2.448000e+03	2.807000e+03	2.245000e+03	2.264000e+03	2.322000e+03	2.772000e+03	2.444000e+03	2.878000e+03	2.590000e+03	2.786000e+03	2.522000e+03	2.735000e+03	2.470000e+03	2.663000e+03	2.473000e+03	2.681000e+03	2.345000e+03	2.722000e+03	2.163000e+03	2.397000e+03	2.218000e+03	2.216000e+03	2.004000e+03	2.014000e+03	1.909000e+03	2.128000e+03
2.450000e+03	1.507000e+03	1.965000e+03	1.355000e+03	1.858000e+03	1.419000e+03	1.907000e+03	1.379000e+03	1.897000e+03	1.489000e+03	2.118000e+03	1.621000e+03	2.026000e+03	1.612000e+03	2.099000e+03	1.716000e+03	2.038000e+03	1.595000e+03	2.105000e+03	1.587000e+03	1.845000e+03	1.446000e+03	2.175000e+03	1.686000e+03	2.812000e+03	1.860000e+03	2.671000e+03	3.375000e+03	8.655000e+03	8.764000e+03	9.202000e+03	8.783000e+03	9.157000e+03	8.718000e+03	9.638000e+03	9.418000e+03	1.013500e+04	8.964000e+03	1.024200e+04	9.143000e+03	9.596000e+03	9.633000e+03	9.105000e+03	3.256000e+03	4.925000e+03	3.596000e+03	3.182000e+03	2.183000e+03	2.673000e+03	2.135000e+03	3.205000e+03	2.031000e+03	2.599000e+03	2.028000e+03	2.910000e+03	2.028000e+03	2.793000e+03	1.945000e+03	2.827000e+03	2.106000e+03	2.764000e+03	1.954000e+03	2.678000e+03	2.095000e+03	2.749000e+03	2.120000e+03	2.663000e+03	1.894000e+03	2.675000e+03	1.901000e+03	2.438000e+03	1.733000e+03	2.374000e+03	1.732000e+03	2.453000e+03
2.069000e+03	1.581000e+03	1.389000e+03	1.228000e+03	1.409000e+03	1.202000e+03	1.383000e+03	1.180000e+03	1.347000e+03	1.233000e+03	1.430000e+03	1.352000e+03	1.536000e+03	1.312000e+03	1.577000e+03	1.409000e+03	1.504000e+03	1.218000e+03	1.465000e+03	1.450000e+03	1.512000e+03	1.319000e+03	1.618000e+03	1.361000e+03	1.485000e+03	1.795000e+03	2.488000e+03	2.745000e+03	8.247000e+03	8.632000e+03	7.721000e+03	4.452000e+03	4.045000e+03	8.604000e+03	8.551000e+03	7.391000e+03	7.551000e+03	7.143000e+03	9.208000e+03	8.018000e+03	5.635000e+03	3.347000e+03	4.592000e+03	2.182000e+03	2.718000e+03	1.464000e+03	1.788000e+03	1.439000e+03	1.682000e+03	1.492000e+03	1.981000e+03	1.490000e+03	1.789000e+03	1.366000e+03	2.029000e+03	1.479000e+03	2.042000e+03	1.562000e+03	2.032000e+03	1.526000e+03	1.635000e+03	1.366000e+03	1.736000e+03	1.341000e+03	1.741000e+03	1.259000e+03	1.771000e+03	1.370000e+03	1.737000e+03	1.359000e+03	1.607000e+03	1.310000e+03	1.550000e+03	1.231000e+03	1.518000e+03
1.082000e+03	1.009000e+03	9.500000e+02	8.560000e+02	9.300000e+02	8.880000e+02	8.970000e+02	8.180000e+02	9.190000e+02	8.530000e+02	1.028000e+03	9.710000e+02	1.004000e+03	8.920000e+02	9.840000e+02	8.670000e+02	1.090000e+03	8.810000e+02	1.032000e+03	9.660000e+02	1.046000e+03	8.910000e+02	1.038000e+03	9.580000e+02	9.870000e+02	3.188000e+03	2.413000e+03	1.191000e+03	4.287000e+03	1.226000e+03	2.877000e+03	1.899000e+03	4.161000e+03	1.613000e+03	6.861000e+03	4.746000e+03	6.656000e+03	6.845000e+03	2.653000e+03	2.200000e+03	2.014000e+03	2.082000e+03	1.518000e+03	9.410000e+02	9.770000e+02	8.840000e+02	9.550000e+02	8.260000e+02	8.590000e+02	8.490000e+02	9.290000e+02	7.840000e+02	7.440000e+02	7.260000e+02	8.370000e+02	7.990000e+02	8.570000e+02	7.360000e+02	8.480000e+02	8.760000e+02	8.270000e+02	8.050000e+02	8.800000e+02	7.840000e+02	8.110000e+02	8.300000e+02	8.060000e+02	7.570000e+02	7.590000e+02	7.120000e+02	7.820000e+02	6.610000e+02	7.050000e+02	6.010000e+02	7.440000e+02
6.040000e+02	6.080000e+02	5.920000e+02	5.930000e+02	6.140000e+02	5.830000e+02	6.510000e+02	5.840000e+02	6.520000e+02	6.870000e+02	6.770000e+02	7.440000e+02	7.630000e+02	7.320000e+02	6.500000e+02	7.330000e+02	6.900000e+02	6.670000e+02	6.180000e+02	7.040000e+02	7.050000e+02	6.500000e+02	7.430000e+02	7.300000e+02	7.130000e+02	1.398000e+03	1.429000e+03	2.006000e+03	2.012000e+03	2.543000e+03	1.744000e+03	1.327000e+03	7.690000e+02	1.252000e+03	3.092000e+03	1.624000e+03	2.801000e+03	2.428000e+03	1.186000e+03	9.430000e+02	1.018000e+03	8.350000e+02	7.920000e+02	7.860000e+02	8.070000e+02	7.760000e+02	7.170000e+02	7.560000e+02	6.870000e+02	7.280000e+02	7.230000e+02	7.770000e+02	7.140000e+02	6.980000e+02	7.460000e+02	7.620000e+02	7.300000e+02	6.600000e+02	7.040000e+02	6.810000e+02	6.510000e+02	6.240000e+02	7.200000e+02	6.080000e+02	7.290000e+02	7.050000e+02	7.330000e+02	6.270000e+02	6.800000e+02	6.570000e+02	6.480000e+02	6.880000e+02	7.220000e+02	7.130000e+02	7.930000e+02
7.470000e+02	6.320000e+02	6.760000e+02	5.610000e+02	6.960000e+02	6.400000e+02	6.920000e+02	5.890000e+02	6.380000e+02	6.300000e+02	7.080000e+02	7.000000e+02	7.150000e+02	6.750000e+02	7.130000e+02	6.900000e+02	7.200000e+02	7.480000e+02	7.150000e+02	7.100000e+02	7.970000e+02	7.000000e+02	8.270000e+02	6.370000e+02	8.230000e+02	7.330000e+02	1.795000e+03	1.797000e+03	1.476000e+03	9.540000e+02	1.030000e+03	8.830000e+02	8.050000e+02	1.057000e+03	1.729000e+03	1.068000e+03	9.860000e+02	9.060000e+02	9.060000e+02	7.640000e+02	8.330000e+02	7.270000e+02	7.520000e+02	6.900000e+02	7.030000e+02	7.200000e+02	7.250000e+02	6.750000e+02	8.030000e+02	5.890000e+02	8.260000e+02	6.570000e+02	7.710000e+02	5.840000e+02	8.100000e+02	6.030000e+02	7.750000e+02	6.390000e+02	8.970000e+02	6.440000e+02	8.820000e+02	6.150000e+02	8.900000e+02	5.980000e+02	9.170000e+02	6.240000e+02	8.640000e+02	6.570000e+02	8.830000e+02	6.440000e+02	7.940000e+02	6.600000e+02	7.930000e+02	5.810000e+02	8.290000e+02
6.100000e+02	5.560000e+02	5.480000e+02	5.520000e+02	6.240000e+02	6.290000e+02	5.760000e+02	6.330000e+02	6.080000e+02	6.380000e+02	6.610000e+02	6.920000e+02	6.690000e+02	6.990000e+02	6.940000e+02	7.210000e+02	6.870000e+02	6.680000e+02	6.930000e+02	7.110000e+02	7.210000e+02	7.740000e+02	7.400000e+02	7.200000e+02	7.820000e+02	7.170000e+02	8.790000e+02	8.750000e+02	8.680000e+02	9.300000e+02	9.420000e+02	8.980000e+02	8.660000e+02	8.280000e+02	8.860000e+02	7.230000e+02	7.760000e+02	7.000000e+02	6.870000e+02	6.980000e+02	7.330000e+02	7.390000e+02	6.450000e+02	7.570000e+02	6.940000e+02	6.890000e+02	6.720000e+02	6.190000e+02	7.050000e+02	6.450000e+02	7.360000e+02	6.170000e+02	6.380000e+02	6.560000e+02	7.160000e+02	6.420000e+02	6.890000e+02	6.460000e+02	7.750000e+02	6.790000e+02	7.990000e+02	6.490000e+02	7.840000e+02	6.920000e+02	8.080000e+02	5.960000e+02	8.330000e+02	6.560000e+02	8.330000e+02	6.380000e+02	8.960000e+02	6.250000e+02	9.040000e+02	6.660000e+02	9.270000e+02
7.670000e+02	9.410000e+02	7.200000e+02	9.410000e+02	7.180000e+02	8.820000e+02	7.160000e+02	8.580000e+02	7.710000e+02	1.001000e+03	8.260000e+02	1.001000e+03	8.590000e+02	1.039000e+03	8.600000e+02	9.080000e+02	8.200000e+02	9.530000e+02	8.070000e+02	9.510000e+02	8.860000e+02	9.350000e+02	8.880000e+02	9.280000e+02	8.830000e+02	9.690000e+02	8.360000e+02	9.420000e+02	9.390000e+02	1.128000e+03	9.140000e+02	9.900000e+02	9.190000e+02	9.680000e+02	7.350000e+02	8.510000e+02	7.780000e+02	8.170000e+02	7.850000e+02	8.090000e+02	7.040000e+02	8.520000e+02	7.800000e+02	7.700000e+02	6.910000e+02	7.690000e+02	6.940000e+02	7.800000e+02	6.840000e+02	7.470000e+02	6.630000e+02	7.390000e+02	6.020000e+02	6.710000e+02	7.110000e+02	7.080000e+02	7.100000e+02	7.160000e+02	6.690000e+02	7.350000e+02	6.680000e+02	6.900000e+02	7.720000e+02	6.910000e+02	7.950000e+02	7.300000e+02	7.060000e+02	7.640000e+02	7.470000e+02	7.350000e+02	7.580000e+02	6.670000e+02	8.140000e+02	6.730000e+02	7.360000e+02
1.082000e+03	1.398000e+03	1.027000e+03	1.154000e+03	9.410000e+02	1.244000e+03	9.310000e+02	1.431000e+03	1.034000e+03	1.418000e+03	1.115000e+03	1.517000e+03	1.151000e+03	1.275000e+03	1.094000e+03	1.443000e+03	1.134000e+03	1.354000e+03	1.084000e+03	1.304000e+03	9.900000e+02	1.264000e+03	1.031000e+03	1.327000e+03	1.018000e+03	1.350000e+03	8.920000e+02	1.181000e+03	1.036000e+03	1.336000e+03	1.002000e+03	1.277000e+03	9.950000e+02	1.323000e+03	1.014000e+03	1.252000e+03	1.062000e+03	1.117000e+03	9.860000e+02	1.141000e+03	1.084000e+03	1.133000e+03	1.077000e+03	1.097000e+03	1.055000e+03	1.144000e+03	1.074000e+03	1.075000e+03	1.219000e+03	1.223000e+03	1.168000e+03	1.226000e+03	1.068000e+03	1.101000e+03	1.208000e+03	1.221000e+03	1.266000e+03	1.221000e+03	1.156000e+03	1.123000e+03	1.154000e+03	1.049000e+03	1.235000e+03	1.130000e+03	1.202000e+03	1.249000e+03	1.093000e+03	1.170000e+03	1.242000e+03	1.187000e+03	1.283000e+03	1.042000e+03	1.148000e+03	1.029000e+03	1.183000e+03
7.570000e+02	6.830000e+02	7.410000e+02	7.040000e+02	7.640000e+02	6.660000e+02	7.000000e+02	6.250000e+02	7.470000e+02	6.330000e+02	8.640000e+02	7.110000e+02	8.140000e+02	6.930000e+02	8.600000e+02	6.670000e+02	7.950000e+02	7.230000e+02	8.490000e+02	7.270000e+02	8.700000e+02	7.300000e+02	8.760000e+02	8.490000e+02	9.020000e+02	7.630000e+02	8.800000e+02	6.800000e+02	8.800000e+02	7.650000e+02	8.500000e+02	7.700000e+02	8.970000e+02	8.290000e+02	9.130000e+02	7.450000e+02	9.070000e+02	8.770000e+02	7.950000e+02	7.610000e+02	9.130000e+02	7.350000e+02	8.920000e+02	7.680000e+02	8.830000e+02	7.320000e+02	8.190000e+02	7.840000e+02	8.740000e+02	7.730000e+02	9.230000e+02	7.470000e+02	8.540000e+02	7.410000e+02	8.620000e+02	7.960000e+02	9.850000e+02	6.970000e+02	8.920000e+02	7.430000e+02	8.190000e+02	6.880000e+02	8.620000e+02	7.370000e+02	9.290000e+02	7.550000e+02	8.900000e+02	7.400000e+02	9.420000e+02	7.350000e+02	8.110000e+02	7.140000e+02	6.980000e+02	6.170000e+02	7.930000e+02
5.620000e+02	5.500000e+02	5.030000e+02	4.940000e+02	5.580000e+02	5.430000e+02	5.650000e+02	5.320000e+02	5.270000e+02	6.120000e+02	5.730000e+02	5.860000e+02	5.880000e+02	5.840000e+02	5.850000e+02	6.440000e+02	5.690000e+02	6.060000e+02	6.460000e+02	6.530000e+02	6.460000e+02	6.620000e+02	6.890000e+02	6.100000e+02	6.260000e+02	6.410000e+02	6.050000e+02	6.180000e+02	6.290000e+02	6.400000e+02	6.120000e+02	6.200000e+02	6.780000e+02	6.910000e+02	6.930000e+02	6.590000e+02	6.970000e+02	6.610000e+02	7.080000e+02	6.880000e+02	6.510000e+02	6.940000e+02	6.630000e+02	6.830000e+02	6.110000e+02	6.970000e+02	6.410000e+02	6.660000e+02	6.900000e+02	6.230000e+02	6.880000e+02	6.200000e+02	6.940000e+02	6.350000e+02	6.340000e+02	6.630000e+02	6.420000e+02	6.450000e+02	6.860000e+02	6.760000e+02	6.440000e+02	6.710000e+02	6.050000e+02	6.750000e+02	6.700000e+02	6.760000e+02	6.080000e+02	6.730000e+02	6.250000e+02	6.210000e+02	6.500000e+02	6.420000e+02	6.080000e+02	5.780000e+02	6.370000e+02
5.730000e+02	5.790000e+02	5.160000e+02	5.100000e+02	5.060000e+02	5.340000e+02	5.120000e+02	5.080000e+02	4.940000e+02	5.330000e+02	5.650000e+02	5.500000e+02	5.540000e+02	5.500000e+02	6.050000e+02	5.950000e+02	6.000000e+02	5.880000e+02	6.450000e+02	6.120000e+02	6.190000e+02	5.890000e+02	6.380000e+02	6.120000e+02	5.690000e+02	6.250000e+02	6.460000e+02	6.180000e+02	6.430000e+02	6.350000e+02	6.300000e+02	6.580000e+02	6.440000e+02	6.210000e+02	6.950000e+02	6.880000e+02	6.610000e+02	6.540000e+02	6.470000e+02	6.450000e+02	6.890000e+02	6.610000e+02	6.910000e+02	6.600000e+02	6.530000e+02	6.620000e+02	6.920000e+02	6.320000e+02	6.170000e+02	6.340000e+02	6.500000e+02	6.410000e+02	5.850000e+02	6.610000e+02	6.580000e+02	6.350000e+02	5.780000e+02	6.180000e+02	6.720000e+02	6.280000e+02	6.520000e+02	6.540000e+02	6.580000e+02	5.750000e+02	6.450000e+02	5.720000e+02	6.380000e+02	5.960000e+02	6.360000e+02	6.340000e+02	6.340000e+02	5.900000e+02	5.860000e+02	5.890000e+02	6.280000e+02
5.360000e+02	5.490000e+02	5.060000e+02	5.120000e+02	5.220000e+02	5.160000e+02	4.710000e+02	4.980000e+02	5.340000e+02	4.650000e+02	5.640000e+02	5.450000e+02	5.300000e+02	5.320000e+02	6.300000e+02	5.900000e+02	5.650000e+02	5.580000e+02	5.750000e+02	6.060000e+02	6.610000e+02	6.220000e+02	5.770000e+02	6.140000e+02	5.530000e+02	6.150000e+02	5.330000e+02	6.460000e+02	6.400000e+02	6.060000e+02	5.750000e+02	6.950000e+02	6.670000e+02	6.420000e+02	6.390000e+02	6.290000e+02	5.910000e+02	6.520000e+02	6.740000e+02	6.290000e+02	6.660000e+02	7.020000e+02	6.610000e+02	6.780000e+02	6.550000e+02	6.820000e+02	6.280000e+02	6.270000e+02	6.090000e+02	6.850000e+02	5.770000e+02	6.390000e+02	5.760000e+02	5.910000e+02	6.650000e+02	7.020000e+02	6.580000e+02	6.450000e+02	6.530000e+02	6.900000e+02	6.220000e+02	5.640000e+02	5.810000e+02	6.500000e+02	6.630000e+02	6.710000e+02	6.690000e+02	5.930000e+02	6.000000e+02	6.170000e+02	6.060000e+02	5.910000e+02	6.080000e+02	5.640000e+02	6.650000e+02
5.490000e+02	5.550000e+02	4.770000e+02	4.770000e+02	5.370000e+02	4.810000e+02	4.560000e+02	5.090000e+02	5.100000e+02	5.250000e+02	5.330000e+02	5.730000e+02	5.460000e+02	5.460000e+02	5.820000e+02	5.850000e+02	5.500000e+02	6.280000e+02	5.870000e+02	5.710000e+02	5.950000e+02	5.900000e+02	6.760000e+02	6.290000e+02	6.340000e+02	6.430000e+02	6.440000e+02	6.540000e+02	5.800000e+02	6.350000e+02	6.210000e+02	6.770000e+02	7.050000e+02	6.300000e+02	6.900000e+02	6.190000e+02	6.540000e+02	6.730000e+02	6.660000e+02	6.900000e+02	6.560000e+02	6.860000e+02	6.520000e+02	6.500000e+02	6.230000e+02	6.940000e+02	5.930000e+02	6.210000e+02	6.340000e+02	6.400000e+02	6.020000e+02	6.880000e+02	5.820000e+02	6.130000e+02	6.110000e+02	6.560000e+02	6.490000e+02	6.530000e+02	6.140000e+02	6.950000e+02	5.980000e+02	6.540000e+02	5.580000e+02	6.230000e+02	6.250000e+02	6.190000e+02	6.250000e+02	6.520000e+02	6.650000e+02	6.500000e+02	6.020000e+02	6.070000e+02	5.680000e+02	5.640000e+02	6.160000e+02
5.020000e+02	5.680000e+02	5.270000e+02	4.920000e+02	4.760000e+02	4.820000e+02	5.040000e+02	5.020000e+02	5.000000e+02	4.930000e+02	4.630000e+02	5.280000e+02	5.710000e+02	5.800000e+02	6.480000e+02	5.830000e+02	5.680000e+02	5.680000e+02	5.510000e+02	5.650000e+02	5.980000e+02	5.500000e+02	6.030000e+02	6.220000e+02	6.240000e+02	6.210000e+02	6.200000e+02	5.600000e+02	6.200000e+02	6.000000e+02	6.370000e+02	6.600000e+02	6.240000e+02	6.380000e+02	6.530000e+02	6.400000e+02	6.490000e+02	6.740000e+02	6.510000e+02	6.280000e+02	7.190000e+02	6.660000e+02	6.950000e+02	6.950000e+02	6.060000e+02	6.390000e+02	6.400000e+02	6.130000e+02	6.610000e+02	6.070000e+02	6.780000e+02	6.170000e+02	5.750000e+02	6.330000e+02	5.760000e+02	6.260000e+02	6.340000e+02	6.530000e+02	6.200000e+02	6.370000e+02	5.670000e+02	6.350000e+02	6.950000e+02	6.360000e+02	6.590000e+02	6.270000e+02	6.290000e+02	6.690000e+02	6.230000e+02	6.330000e+02	5.750000e+02	6.130000e+02	5.800000e+02	5.860000e+02	6.080000e+02
5.630000e+02	4.840000e+02	4.730000e+02	4.980000e+02	4.880000e+02	5.000000e+02	5.190000e+02	4.650000e+02	5.230000e+02	4.850000e+02	5.500000e+02	5.580000e+02	5.440000e+02	6.080000e+02	5.600000e+02	5.950000e+02	5.600000e+02	5.350000e+02	6.020000e+02	5.230000e+02	5.780000e+02	5.930000e+02	5.930000e+02	6.440000e+02	6.300000e+02	6.090000e+02	5.940000e+02	5.700000e+02	6.130000e+02	6.180000e+02	6.360000e+02	5.820000e+02	6.240000e+02	6.190000e+02	6.440000e+02	6.540000e+02	6.730000e+02	6.530000e+02	5.920000e+02	6.380000e+02	6.280000e+02	6.850000e+02	6.130000e+02	6.690000e+02	5.930000e+02	6.190000e+02	6.310000e+02	6.030000e+02	6.720000e+02	6.710000e+02	6.640000e+02	6.050000e+02	6.420000e+02	6.380000e+02	5.390000e+02	6.070000e+02	6.770000e+02	6.310000e+02	6.650000e+02	6.170000e+02	5.560000e+02	6.120000e+02	6.810000e+02	6.230000e+02	6.080000e+02	6.050000e+02	5.900000e+02	6.360000e+02	7.300000e+02	5.900000e+02	6.320000e+02	6.650000e+02	5.450000e+02	5.440000e+02	6.130000e+02
5.250000e+02	5.270000e+02	4.710000e+02	5.500000e+02	4.880000e+02	5.300000e+02	4.730000e+02	5.470000e+02	4.810000e+02	4.990000e+02	5.200000e+02	5.140000e+02	5.480000e+02	5.770000e+02	5.860000e+02	5.750000e+02	5.400000e+02	5.300000e+02	5.920000e+02	6.130000e+02	5.840000e+02	5.630000e+02	5.760000e+02	6.630000e+02	6.050000e+02	6.200000e+02	5.730000e+02	6.470000e+02	5.580000e+02	6.250000e+02	6.450000e+02	6.300000e+02	6.740000e+02	6.610000e+02	6.110000e+02	6.000000e+02	6.230000e+02	6.430000e+02	6.700000e+02	6.390000e+02	6.670000e+02	7.080000e+02	6.270000e+02	6.570000e+02	5.920000e+02	5.980000e+02	6.860000e+02	6.560000e+02	6.410000e+02	6.100000e+02	6.260000e+02	6.350000e+02	5.620000e+02	5.910000e+02	6.290000e+02	6.330000e+02	6.290000e+02	6.250000e+02	6.610000e+02	6.390000e+02	5.440000e+02	6.300000e+02	5.990000e+02	6.190000e+02	6.450000e+02	6.390000e+02	5.870000e+02	6.100000e+02	5.720000e+02	6.670000e+02	5.880000e+02	6.330000e+02	6.000000e+02	6.110000e+02	5.870000e+02
5.120000e+02	5.710000e+02	4.870000e+02	4.970000e+02	4.630000e+02	4.950000e+02	5.010000e+02	4.560000e+02	5.140000e+02	4.990000e+02	5.000000e+02	5.720000e+02	5.130000e+02	5.460000e+02	6.080000e+02	5.650000e+02	5.660000e+02	5.380000e+02	5.940000e+02	6.060000e+02	5.950000e+02	6.180000e+02	6.110000e+02	6.090000e+02	6.360000e+02	6.670000e+02	5.930000e+02	5.990000e+02	6.890000e+02	5.920000e+02	5.840000e+02	6.400000e+02	6.680000e+02	6.630000e+02	6.310000e+02	5.970000e+02	6.490000e+02	7.200000e+02	6.640000e+02	6.280000e+02	6.710000e+02	6.960000e+02	6.720000e+02	6.270000e+02	6.510000e+02	6.170000e+02	6.220000e+02	6.870000e+02	6.670000e+02	6.090000e+02	6.850000e+02	6.990000e+02	6.100000e+02	6.020000e+02	6.610000e+02	5.740000e+02	6.200000e+02	6.600000e+02	5.980000e+02	6.570000e+02	6.590000e+02	5.930000e+02	5.810000e+02	6.920000e+02	6.440000e+02	5.990000e+02	5.930000e+02	6.260000e+02	6.020000e+02	6.210000e+02	5.780000e+02	5.600000e+02	6.120000e+02	5.750000e+02	6.180000e+02
4.960000e+02	5.030000e+02	4.930000e+02	4.510000e+02	4.740000e+02	5.620000e+02	4.680000e+02	4.900000e+02	5.230000e+02	4.560000e+02	5.520000e+02	5.430000e+02	5.930000e+02	5.260000e+02	5.930000e+02	6.260000e+02	6.010000e+02	6.020000e+02	5.880000e+02	5.580000e+02	5.380000e+02	6.150000e+02	5.490000e+02	6.300000e+02	5.970000e+02	5.950000e+02	6.560000e+02	6.100000e+02	5.900000e+02	6.410000e+02	5.660000e+02	6.430000e+02	6.450000e+02	7.010000e+02	6.370000e+02	6.630000e+02	6.340000e+02	6.250000e+02	6.440000e+02	6.420000e+02	6.060000e+02	7.100000e+02	6.670000e+02	6.230000e+02	6.490000e+02	6.060000e+02	6.530000e+02	6.390000e+02	6.160000e+02	6.150000e+02	6.720000e+02	6.340000e+02	5.930000e+02	6.010000e+02	6.660000e+02	6.480000e+02	7.020000e+02	5.980000e+02	6.030000e+02	5.970000e+02	5.640000e+02	6.310000e+02	6.470000e+02	5.780000e+02	6.460000e+02	6.380000e+02	6.150000e+02	6.350000e+02	6.150000e+02	6.570000e+02	5.550000e+02	5.780000e+02	5.910000e+02	5.600000e+02	6.090000e+02
5.110000e+02	5.370000e+02	4.730000e+02	4.870000e+02	4.890000e+02	4.870000e+02	4.460000e+02	4.540000e+02	4.530000e+02	5.010000e+02	5.300000e+02	5.690000e+02	5.640000e+02	5.500000e+02	6.150000e+02	5.630000e+02	5.510000e+02	5.600000e+02	6.760000e+02	5.990000e+02	6.160000e+02	6.020000e+02	6.320000e+02	5.870000e+02	6.110000e+02	6.290000e+02	5.580000e+02	5.800000e+02	6.060000e+02	6.100000e+02	6.200000e+02	6.070000e+02	5.370000e+02	5.880000e+02	6.280000e+02	6.290000e+02	6.430000e+02	6.460000e+02	6.660000e+02	6.200000e+02	6.630000e+02	6.320000e+02	6.500000e+02	6.540000e+02	6.530000e+02	6.610000e+02	6.320000e+02	6.340000e+02	6.740000e+02	6.530000e+02	6.150000e+02	5.990000e+02	5.570000e+02	6.030000e+02	6.800000e+02	6.670000e+02	6.370000e+02	6.250000e+02	6.610000e+02	6.140000e+02	5.640000e+02	5.910000e+02	6.460000e+02	5.910000e+02	5.740000e+02	6.050000e+02	6.260000e+02	6.540000e+02	6.210000e+02	6.220000e+02	5.820000e+02	5.700000e+02	5.740000e+02	5.630000e+02	5.660000e+02

